7.10751,-59.9941,44.6541
8.582,-62.0853,44.6362
8.22193,-62.0928,44.6382
9.33973,-64.5709,44.6421
9.19073,-64.6452,44.6203
8.04102,-62.2008,44.6421
7.74964,-62.5,44.6421
15.0156,-84.7096,44.6629
13.5683,-82.6988,44.6411
13.9119,-82.6338,44.6829
12.7704,-80.2567,44.671
12.9982,-80.1643,44.6779
14.0841,-82.5629,44.6783
14.3451,-82.3924,44.666
20.5459,-88.8587,44.6537
22.0204,-90.9499,44.6358
21.6603,-90.9574,44.6379
22.7959,-93.4249,44.6528
22.6281,-93.5078,44.6418
21.4794,-91.0653,44.6418
21.188,-91.3645,44.6418
-4.6927,-96.9825,44.6582
-6.14,-94.9717,44.6364
-5.7964,-94.9067,44.6782
-6.93796,-92.5296,44.6663
-6.71013,-92.4373,44.6732
-5.62425,-94.8359,44.6736
-5.36325,-94.6653,44.6613
17.7017,-93.4101,44.6715
17.6712,-91.8276,44.6537
18.0559,-92.6777,44.6477
18.2501,-92.0474,44.6387
17.0058,-89.3176,44.6522
16.8855,-89.0538,44.6535
17.1273,-88.9422,44.6459
18.3595,-91.6775,44.6544
18.4361,-91.8475,44.655
19.1613,-92.1542,44.6596
18.7275,-91.3805,44.6557
19.8454,-92.2409,44.6557
19.5248,-93.3024,44.6656
19.3378,-92.5587,44.6656
18.8507,-92.4823,44.6557
18.5253,-92.3354,44.6596
18.4392,-92.725,44.6516
18.2374,-93.0938,44.6516
18.7183,-93.7231,44.6575
-3.85968,-91.2325,44.6558
-2.4891,-93.1376,44.6697
-2.76071,-93.2681,44.6742
-2.15186,-94.4404,44.6717
-1.97331,-93.8935,44.6558
-2.30191,-93.2467,44.6707
-1.33225,-93.628,44.6594
-1.34719,-95.25,44.6637
-1.70504,-94.4288,44.6666
-1.82146,-95.0581,44.6617
-1.53782,-95.6526,44.6536
-1.81521,-95.7869,44.6555
-3.06147,-93.4047,44.6726
-3.31242,-93.5367,44.6859
31.5597,-93.5141,44.6505
-1.51831,-75.1153,44.6519
0.126179,-75.0252,44.6698
-0.8521,-75.455,44.6719
-0.387688,-75.6548,44.6698
0.136381,-75.436,44.6612
2.8364,-74.2006,44.6898
2.97412,-74.4812,44.6928
0.297017,-75.7293,44.6596
-0.263407,-75.9756,44.6778
-0.414142,-76.5431,44.6936
0.432761,-76.1201,44.6838
-0.408972,-77.2574,44.7023
-1.46614,-76.874,44.6778
-0.814969,-76.6798,44.6659
-0.721614,-76.198,44.6804
-0.626908,-75.9472,44.6845
-0.971164,-75.8222,44.6674
-1.27548,-75.6774,44.6661
-1.82616,-76.0708,44.6541
-13.7209,-69.7558,44.654
-12.2464,-71.847,44.6361
-12.6064,-71.8545,44.6381
-11.5442,-74.0866,44.6516
-11.7646,-74.1939,44.6543
-12.79,-71.9632,44.6464
-13.0787,-72.2617,44.642
-14.8002,-75.4856,44.6405
-16.2013,-73.5482,44.6558
-15.8561,-73.4917,44.6556
-17.0078,-71.0864,44.6176
-16.7392,-70.9461,44.6156
-16.2861,-71.8528,44.6338
-15.8007,-71.9907,44.6466
-16.1689,-71.2228,44.6397
-15.0423,-72.1231,44.655
-15.4311,-73.0934,44.642
-15.628,-72.3977,44.6489
-16.1307,-72.2679,44.6524
-15.592,-73.3631,44.6565
-15.3409,-73.1384,44.6603
31.9082,-91.5731,44.6372
31.4571,-91.7887,44.6364
31.006,-92.0042,44.6355
30.5548,-92.2198,44.6347
30.1037,-92.4354,44.6339
29.6526,-92.651,44.6331
31.9944,-98.71,44.6401
27.6269,-54.8593,44.6429
27.3418,-55.2701,44.6439
27.0567,-55.6808,44.645
26.7756,-56.0732,44.6443
26.5225,-56.5043,44.6453
26.2693,-56.9355,44.6463
26.0406,-57.3953,44.634
25.8727,-57.8663,44.6343
25.7049,-58.3373,44.6345
25.6311,-58.6139,44.6336
25.5168,-59.1007,44.6327
25.4024,-59.5874,44.6318
26.111,-65.3514,44.6203
26.3293,-65.8013,44.6199
26.5476,-66.2511,44.6195
26.7615,-66.6191,44.6186
27.0535,-67.025,44.6182
27.3455,-67.4308,44.6178
27.6027,-67.7666,44.6166
27.9534,-68.1231,44.6134
28.304,-68.4795,44.6101
-5.65111,-74.9998,44.5881
-5.48133,-75.362,44.5895
-7.26184,-76.2462,44.6085
-7.43161,-75.884,44.6071
-5.14179,-76.0864,44.5923
-4.97201,-76.4486,44.5937
-6.75252,-77.3328,44.6128
-6.92229,-76.9706,44.6113
-4.63247,-77.173,44.5965
-4.4627,-77.5352,44.5979
-6.2432,-78.4194,44.617
-6.41297,-78.0572,44.6156
-4.12315,-78.2596,44.6007
-3.95338,-78.6218,44.6021
-5.73388,-79.506,44.6212
-5.90366,-79.1438,44.6198
-3.61383,-79.3462,44.6049
-3.44406,-79.7084,44.6063
-5.22456,-80.5926,44.6254
-5.39434,-80.2304,44.624
-3.10451,-80.4328,44.6091
-2.93474,-80.795,44.6105
-4.71525,-81.6792,44.6296
-4.88502,-81.317,44.6282
-2.59519,-81.5194,44.6134
-2.42542,-81.8816,44.6148
-4.20593,-82.7658,44.6338
-4.3757,-82.4036,44.6324
-2.08849,-82.6004,44.6175
-1.91872,-82.9626,44.6189
-3.69922,-83.8469,44.638
-3.869,-83.4847,44.6366
-3.95737,-84.5883,44.6397
-4.31891,-84.7595,44.6395
-3.47456,-86.5725,44.6193
-3.05224,-87.4794,44.6093
-2.69069,-87.3082,44.6095
-3.53504,-85.4952,44.6296
-5.042,-85.1018,44.639
-5.40354,-85.273,44.6388
-4.55919,-87.086,44.6187
-4.13687,-87.9929,44.6086
-3.77532,-87.8217,44.6088
-4.61967,-86.0087,44.6289
-6.12663,-85.6153,44.6383
-6.48817,-85.7865,44.6381
-5.64383,-87.5995,44.618
-5.2215,-88.5064,44.6079
-4.85996,-88.3352,44.6081
-5.70431,-86.5222,44.6282
-7.21126,-86.1289,44.6376
-7.57281,-86.3,44.6374
-6.72846,-88.1131,44.6173
-6.30613,-89.0199,44.6072
-5.94459,-88.8487,44.6074
-6.78894,-87.0357,44.6276
-8.29589,-86.6424,44.6369
-8.65744,-86.8135,44.6367
-7.81309,-88.6266,44.6166
-7.39076,-89.5334,44.6065
-7.02922,-89.3622,44.6068
-7.87357,-87.5492,44.6269
-9.38053,-87.1559,44.6362
-9.74207,-87.327,44.636
-8.89772,-89.1401,44.6159
-8.4754,-90.0469,44.6058
-8.11385,-89.8757,44.6061
-8.9582,-88.0627,44.6262
-10.4652,-87.6694,44.6355
-10.8267,-87.8406,44.6353
-9.98235,-89.6536,44.6152
-9.56003,-90.5604,44.6051
-9.19848,-90.3893,44.6054
-10.0428,-88.5762,44.6255
-10.2541,-90.889,44.6047
-10.6156,-91.0602,44.6045
-11.46,-89.2472,44.6246
-11.8823,-88.3403,44.6346
-11.5208,-88.1692,44.6349
-10.6764,-89.9822,44.6148
4.75533,-70.0398,44.6312
4.92365,-70.4027,44.6325
3.09451,-71.2115,44.6072
3.08914,-71.2139,44.6072
2.92082,-70.851,44.6059
4.74997,-70.0422,44.6311
5.26029,-71.1285,44.635
5.42861,-71.4913,44.6363
3.59946,-72.3002,44.6111
3.59409,-72.3026,44.611
3.42578,-71.9397,44.6097
5.25492,-71.1308,44.635
5.76525,-72.2171,44.6388
5.93357,-72.58,44.6401
4.10442,-73.3888,44.6149
4.09905,-73.3912,44.6148
3.93073,-73.0283,44.6135
5.75988,-72.2195,44.6388
6.2702,-73.3057,44.6427
6.43852,-73.6686,44.6439
4.60938,-74.4774,44.6187
4.60401,-74.4798,44.6186
4.43569,-74.1169,44.6173
6.26484,-73.3081,44.6426
6.77516,-74.3944,44.6465
6.94348,-74.7572,44.6477
5.11433,-75.5661,44.6225
5.10896,-75.5685,44.6224
4.94065,-75.2056,44.6211
6.76979,-74.3967,44.6464
7.28012,-75.483,44.6503
7.44844,-75.8459,44.6515
5.61929,-76.6547,44.6263
5.61392,-76.6571,44.6262
5.4456,-76.2942,44.625
7.27475,-75.4854,44.6502
7.78507,-76.5716,44.6541
7.95339,-76.9345,44.6553
6.12424,-77.7433,44.6301
6.11888,-77.7457,44.63
5.95056,-77.3828,44.6288
7.77971,-76.574,44.654
8.32284,-77.731,44.6581
8.49116,-78.0939,44.6594
6.66202,-78.9027,44.6342
6.65665,-78.9051,44.6341
6.48833,-78.5422,44.6328
8.31748,-77.7334,44.6581
16.906,-74.8845,44.6681
16.5433,-75.053,44.6688
17.4341,-76.8319,44.6209
17.7969,-76.6634,44.6202
15.8177,-75.39,44.6702
15.4549,-75.5585,44.6709
16.3457,-77.3375,44.623
16.7085,-77.169,44.6223
14.7293,-75.8956,44.6722
14.3665,-76.0641,44.6729
15.2573,-77.843,44.625
15.6201,-77.6745,44.6243
13.641,-76.4011,44.6742
13.2782,-76.5696,44.6749
14.169,-78.3486,44.627
14.5318,-78.1801,44.6263
12.5526,-76.9067,44.6763
12.1898,-77.0752,44.677
13.0806,-78.8541,44.6291
13.4434,-78.6856,44.6284
11.4642,-77.4122,44.6783
11.1014,-77.5807,44.679
11.9922,-79.3597,44.6311
12.355,-79.1912,44.6304
10.3759,-77.9178,44.6803
10.0131,-78.0863,44.681
10.9039,-79.8652,44.6331
11.2667,-79.6967,44.6324
10.2054,-80.1897,44.6344
9.8426,-80.3582,44.6351
8.9518,-78.5793,44.683
9.31459,-78.4108,44.6823
15.1366,-65.205,44.618
15.3088,-65.5661,44.6178
13.4898,-66.3976,44.6423
13.4364,-66.422,44.643
13.2642,-66.0609,44.6432
15.0832,-65.2294,44.6187
15.653,-66.2882,44.6174
15.8252,-66.6493,44.6173
14.0062,-67.4808,44.6418
13.9528,-67.5052,44.6425
13.7807,-67.1441,44.6427
15.5996,-66.3127,44.6182
16.1695,-67.3715,44.6169
16.3416,-67.7326,44.6168
14.5226,-68.564,44.6413
14.4692,-68.5885,44.642
14.2971,-68.2274,44.6422
16.116,-67.3959,44.6177
16.6859,-68.4547,44.6164
16.858,-68.8158,44.6162
15.0391,-69.6473,44.6408
14.9856,-69.6717,44.6415
14.8135,-69.3106,44.6417
16.6325,-68.4792,44.6171
17.2023,-69.538,44.6159
17.3745,-69.8991,44.6157
15.5555,-70.7305,44.6403
15.5021,-70.755,44.641
15.3299,-70.3939,44.6411
17.1489,-69.5624,44.6166
17.7188,-70.6212,44.6154
17.8909,-70.9823,44.6152
16.0719,-71.8138,44.6397
16.0185,-71.8382,44.6405
15.8464,-71.4771,44.6406
17.6653,-70.6457,44.6161
18.2352,-71.7045,44.6149
18.4073,-72.0656,44.6147
16.5884,-72.897,44.6392
16.5349,-72.9215,44.6399
16.3628,-72.5604,44.6401
18.1818,-71.7289,44.6156
18.7777,-72.8425,44.6143
18.9499,-73.2036,44.6142
17.1309,-74.035,44.6387
17.0775,-74.0595,44.6394
16.9053,-73.6984,44.6396
18.7243,-72.8669,44.6151
12.049,-64.46,44.6086
11.688,-64.6324,44.6079
12.5889,-66.3552,44.6461
12.9499,-66.1828,44.6469
10.9661,-64.9771,44.6065
10.6051,-65.1495,44.6057
11.506,-66.8723,44.6439
11.8669,-66.6999,44.6447
9.88314,-65.4942,44.6043
9.52217,-65.6666,44.6035
10.423,-67.3894,44.6418
10.784,-67.217,44.6425
8.80022,-66.0113,44.6021
8.43924,-66.1837,44.6014
9.34012,-67.9064,44.6396
9.7011,-67.7341,44.6403
7.71729,-66.5284,44.5999
7.35632,-66.7008,44.5992
8.25719,-68.4235,44.6374
8.61817,-68.2512,44.6381
6.63436,-67.0455,44.5977
6.27339,-67.2179,44.597
7.17427,-68.9406,44.6352
7.53524,-68.7683,44.6359
5.55144,-67.5626,44.5955
5.19046,-67.7349,44.5948
6.09134,-69.4577,44.633
6.45232,-69.2854,44.6338
5.33852,-69.8172,44.6315
4.97755,-69.9896,44.6308
4.07667,-68.2668,44.5925
4.43764,-68.0944,44.5933
-2.48396,-50.906,44.6305
-2.2838,-51.3354,44.6313
-2.07255,-51.7886,44.632
-1.87239,-52.218,44.6327
-1.66115,-52.6712,44.6335
-1.46099,-53.1006,44.6342
-1.24974,-53.5538,44.635
-1.04958,-53.9832,44.6357
-0.838334,-54.4363,44.6365
-0.638176,-54.8657,44.6372
-0.426929,-55.3189,44.638
-0.22677,-55.7483,44.6387
-0.0155233,-56.2015,44.6395
0.184635,-56.6309,44.6402
0.395882,-57.0841,44.6409
0.596041,-57.5135,44.6417
0.807288,-57.9666,44.6424
1.00745,-58.396,44.6432
1.21869,-58.8492,44.6439
1.41885,-59.2786,44.6446
1.6301,-59.7318,44.6454
1.83026,-60.1612,44.6461
2.0415,-60.6144,44.6469
2.24166,-61.0438,44.6476
2.45291,-61.497,44.6484
2.65307,-61.9264,44.6491
2.86432,-62.3795,44.6499
3.06447,-62.8089,44.6506
3.27572,-63.2621,44.6513
3.47588,-63.6915,44.6521
3.68713,-64.1447,44.6528
3.88729,-64.5741,44.6536
4.09853,-65.0273,44.6543
4.29869,-65.4567,44.655
4.50994,-65.9099,44.6558
19.235,-72.1407,44.6355
19.6837,-71.92,44.635
20.1323,-71.6993,44.6346
20.1329,-71.699,44.6346
20.5816,-71.4783,44.6342
21.0303,-71.2576,44.6338
21.0309,-71.2573,44.6338
21.4795,-71.0367,44.6334
21.9282,-70.816,44.6329
21.9288,-70.8157,44.6329
22.3775,-70.595,44.6325
22.8261,-70.3743,44.6321
22.8267,-70.374,44.6321
23.2754,-70.1533,44.6317
10.7496,-63.9885,44.6284
10.5379,-63.5355,44.6279
10.3353,-63.1021,44.6275
10.1235,-62.6491,44.627
9.92095,-62.2156,44.6265
9.70923,-61.7627,44.626
9.50663,-61.3292,44.6256
9.29492,-60.8763,44.6251
9.09232,-60.4428,44.6246
8.8806,-59.9898,44.6242
8.678,-59.5564,44.6237
8.46629,-59.1034,44.6232
8.26369,-58.67,44.6228
8.05197,-58.217,44.6223
7.84938,-57.7836,44.6218
7.63766,-57.3306,44.6213
7.43506,-56.8971,44.6209
7.22335,-56.4442,44.6204
7.02075,-56.0107,44.6199
6.80903,-55.5578,44.6195
6.60644,-55.1243,44.619
6.39472,-54.6713,44.6185
6.19212,-54.2379,44.6181
5.98041,-53.7849,44.6176
5.77781,-53.3515,44.6171
5.56609,-52.8985,44.6166
5.36349,-52.465,44.6162
5.15178,-52.0121,44.6157
4.94918,-51.5786,44.6152
4.73746,-51.1257,44.6148
4.53487,-50.6922,44.6143
2.67165,-72.7509,44.6386
2.21877,-72.9628,44.6373
1.7659,-73.1747,44.636
1.76365,-73.1758,44.636
1.31078,-73.3877,44.6347
0.857904,-73.5996,44.6333
0.85566,-73.6006,44.6333
0.402786,-73.8125,44.632
-0.050089,-74.0245,44.6307
-0.0523332,-74.0255,44.6307
-0.505208,-74.2374,44.6294
-0.958083,-74.4493,44.6281
-0.960327,-74.4504,44.6281
-1.4132,-74.6623,44.6268
-1.86608,-74.8742,44.6255
-1.86832,-74.8752,44.6255
-2.32119,-75.0871,44.6242
-2.77407,-75.299,44.6228
-2.77631,-75.3001,44.6228
-3.22919,-75.512,44.6215
-3.68206,-75.7239,44.6202
-3.68431,-75.725,44.6202
19.9986,-73.4094,44.5884
20.4489,-73.192,44.5895
20.8992,-72.9747,44.5906
20.8992,-72.9747,44.5906
21.3526,-72.7638,44.5916
21.806,-72.553,44.5927
21.806,-72.553,44.5927
22.2653,-72.3553,44.5937
22.7246,-72.1577,44.5948
22.7246,-72.1576,44.5948
23.1967,-71.9929,44.5958
23.6687,-71.8281,44.5969
23.6688,-71.8281,44.5969
24.1518,-71.6989,44.598
-9.50759,-75.075,44.6344
-9.71804,-74.6214,44.6335
-9.92427,-74.177,44.6326
-10.1347,-73.7234,44.6317
-10.341,-73.279,44.6309
-10.5514,-72.8254,44.63
-10.7576,-72.381,44.6291
-10.9681,-71.9274,44.6282
-11.1743,-71.483,44.6274
-11.3848,-71.0294,44.6265
-11.591,-70.585,44.6256
-11.8014,-70.1314,44.6247
-12.0077,-69.687,44.6239
-12.2181,-69.2334,44.623
-12.4243,-68.789,44.6221
-12.6348,-68.3354,44.6212
-12.841,-67.891,44.6204
-13.0515,-67.4374,44.6195
-13.2577,-66.993,44.6186
-13.4682,-66.5395,44.6177
-13.6744,-66.095,44.6169
-13.8848,-65.6415,44.616
-14.0911,-65.197,44.6151
-14.3015,-64.7435,44.6142
-14.5077,-64.299,44.6133
-14.7182,-63.8455,44.6125
-14.9244,-63.401,44.6116
-15.1349,-62.9475,44.6107
-15.3411,-62.503,44.6098
-15.5516,-62.0495,44.609
-15.7578,-61.605,44.6081
-15.9682,-61.1515,44.6072
-16.1745,-60.707,44.6063
-16.3849,-60.2535,44.6054
-16.5911,-59.809,44.6046
-16.8016,-59.3555,44.6037
-17.0078,-58.911,44.6028
-17.2183,-58.4575,44.6019
-17.4245,-58.0131,44.6011
-17.635,-57.5595,44.6002
-12.6396,-76.0472,44.6576
-12.8501,-75.5937,44.6569
-13.057,-75.1478,44.6562
-13.2675,-74.6942,44.6555
-13.4744,-74.2484,44.6548
-13.6849,-73.7948,44.6541
-13.8919,-73.349,44.6535
-14.1023,-72.8954,44.6528
-14.3093,-72.4496,44.6521
-14.5198,-71.996,44.6514
-14.7267,-71.5502,44.6507
-14.9372,-71.0966,44.65
-15.1441,-70.6508,44.6493
-15.3546,-70.1972,44.6486
-15.5615,-69.7514,44.6479
-15.772,-69.2978,44.6472
-15.979,-68.852,44.6465
-16.1895,-68.3984,44.6458
-16.3964,-67.9526,44.6451
-16.6069,-67.499,44.6444
-16.8138,-67.0532,44.6438
-17.0243,-66.5996,44.6431
-17.2312,-66.1538,44.6424
-17.4417,-65.7002,44.6417
-17.6486,-65.2544,44.641
-17.5905,-72.965,44.6378
-17.3791,-73.4181,44.6382
-17.1699,-73.8661,44.6386
-16.9585,-74.3192,44.639
-16.7494,-74.7672,44.6393
-16.5379,-75.2203,44.6397
-16.3288,-75.6683,44.6401
-16.1173,-76.1214,44.6405
-15.9082,-76.5695,44.6409
-15.6968,-77.0225,44.6412
24.0628,-92.7016,44.6351
23.8513,-92.2486,44.6345
23.6397,-91.7955,44.634
23.6397,-91.7955,44.634
23.4281,-91.3425,44.6334
23.2165,-90.8894,44.6328
23.2165,-90.8894,44.6328
23.0049,-90.4364,44.6323
22.7934,-89.9833,44.6317
22.7933,-89.9833,44.6317
22.5818,-89.5303,44.6312
22.3702,-89.0772,44.6306
22.3702,-89.0772,44.6306
22.1586,-88.6242,44.6301
21.947,-88.1711,44.6295
21.947,-88.1711,44.6295
21.7354,-87.7181,44.629
21.5239,-87.265,44.6284
21.5239,-87.265,44.6284
21.3123,-86.812,44.6279
21.1007,-86.3589,44.6273
21.1007,-86.3589,44.6273
20.8891,-85.9059,44.6267
20.6775,-85.4528,44.6262
20.6775,-85.4528,44.6262
20.4659,-84.9998,44.6256
20.2544,-84.5467,44.6251
20.2544,-84.5467,44.6251
20.0428,-84.0937,44.6245
19.8312,-83.6406,44.624
19.8312,-83.6406,44.624
19.6196,-83.1876,44.6234
19.408,-82.7346,44.6229
19.408,-82.7345,44.6229
19.1964,-82.2815,44.6223
18.9849,-81.8285,44.6218
18.9849,-81.8284,44.6218
18.7733,-81.3754,44.6212
18.5617,-80.9224,44.6206
18.5617,-80.9223,44.6206
18.3501,-80.4693,44.6201
18.1385,-80.0163,44.6195
18.1385,-80.0162,44.6195
17.927,-79.5632,44.6195
17.7154,-79.1102,44.6195
17.7154,-79.1101,44.6195
17.5038,-78.6571,44.6175
11.516,-80.9257,44.6348
11.7269,-81.379,44.6351
11.9282,-81.8116,44.6354
12.1391,-82.2649,44.6356
12.3404,-82.6975,44.6359
12.5513,-83.1508,44.6362
12.7526,-83.5834,44.6365
12.9635,-84.0367,44.6368
13.1648,-84.4693,44.6371
13.3757,-84.9226,44.6373
13.577,-85.3552,44.6376
13.7879,-85.8085,44.6379
13.9892,-86.2411,44.6382
14.2001,-86.6944,44.6385
14.4014,-87.127,44.6388
14.6123,-87.5803,44.639
14.8136,-88.0129,44.6393
15.0245,-88.4662,44.6396
15.2258,-88.8988,44.6399
15.4367,-89.3521,44.6402
15.6379,-89.7847,44.6405
15.8489,-90.238,44.6407
16.0501,-90.6706,44.641
16.2611,-91.1239,44.6413
16.4623,-91.5565,44.6416
16.6733,-92.0098,44.6419
16.8745,-92.4424,44.6421
17.0855,-92.8957,44.6424
17.2867,-93.3283,44.6427
17.4976,-93.7816,44.643
17.6989,-94.2142,44.6433
17.9098,-94.6675,44.6436
16.0634,-99.0729,44.6186
15.6077,-99.2785,44.6189
15.1519,-99.484,44.6192
15.1517,-99.4841,44.6192
14.6956,-99.6888,44.6196
14.2395,-99.8935,44.6199
13.7828,-100.097,44.6202
13.3265,-100.301,44.6205
12.8704,-100.506,44.6208
2.82647,-100.251,44.6275
2.48271,-99.8914,44.6278
2.18546,-99.4894,44.628
1.88967,-99.0893,44.6282
1.63206,-98.6608,44.6284
1.37444,-98.2322,44.6286
1.37272,-98.2294,44.6286
1.14094,-97.7864,44.6288
0.90916,-97.3433,44.629
0.906341,-97.3379,44.629
0.687675,-96.8883,44.6293
0.469008,-96.4386,44.6295
0.468021,-96.4366,44.6295
0.25665,-95.9835,44.6298
0.0456097,-95.5311,44.6301
-0.162891,-95.0766,44.6304
-0.37078,-94.6235,44.6307
-0.579955,-94.1693,44.6311
-0.78892,-93.7157,44.6316
-0.998945,-93.2619,44.632
-1.20897,-92.8082,44.6324
-1.20909,-92.8079,44.6324
-1.41939,-92.3543,44.6329
-1.6297,-91.9007,44.6333
-1.62989,-91.9003,44.6333
-1.84007,-91.4466,44.6337
-2.05025,-90.9929,44.634
-2.05034,-90.9927,44.634
-2.26039,-90.539,44.6343
-2.47044,-90.0852,44.6347
-2.47045,-90.0852,44.6347
-2.68043,-89.6315,44.6347
-2.89037,-89.1778,44.6347
-1.08752,-100.571,44.6701
-1.08845,-100.57,44.6701
-1.33709,-100.136,44.6704
-1.58572,-99.7022,44.6706
-1.58611,-99.7015,44.6706
-1.81319,-99.256,44.6709
-2.04027,-98.8106,44.6711
-2.04076,-98.8096,44.6711
-2.2537,-98.3572,44.6714
-2.46665,-97.9048,44.6716
-2.46683,-97.9045,44.6716
-2.67321,-97.449,44.6719
-2.87958,-96.9937,44.6721
-3.08707,-96.5387,44.6724
-3.29449,-96.084,44.6726
-3.50747,-95.6316,44.6729
-3.72044,-95.1792,44.6732
-3.9345,-94.7274,44.6734
-4.14856,-94.2755,44.6737
-4.14861,-94.2754,44.6737
-4.3589,-93.8218,44.674
-4.56918,-93.3682,44.6743
-4.56921,-93.3681,44.6743
-4.77761,-92.9136,44.6746
-4.986,-92.4591,44.6749
-4.98602,-92.4591,44.6749
-5.19658,-92.0056,44.6755
-5.40714,-91.5521,44.6761
-5.40716,-91.552,44.6761
-5.61987,-91.0995,44.6761
-5.83259,-90.6471,44.6761
-5.83261,-90.647,44.6761
-8.90979,-91.6366,44.6384
-8.69682,-92.089,44.6379
-8.48385,-92.5414,44.6373
-8.48366,-92.5418,44.6373
-8.271,-92.9943,44.6368
-8.05834,-93.4468,44.6363
-8.05821,-93.4471,44.6363
-7.84615,-93.8999,44.6358
-7.63409,-94.3527,44.6352
-7.63409,-94.3527,44.6352
-7.42294,-94.8059,44.6347
-7.21197,-95.2588,44.6342
-7.00192,-95.7125,44.6336
-6.79227,-96.1654,44.633
-6.58264,-96.6194,44.6324
-6.37346,-97.0724,44.6318
-6.16314,-97.526,44.6312
-5.95307,-97.9791,44.6306
-5.74096,-98.4318,44.63
-5.52885,-98.8846,44.6294
-5.52864,-98.8851,44.6294
-5.31364,-99.3365,44.6288
-5.09863,-99.7879,44.6282
-5.09769,-99.7899,44.6282
-4.87753,-100.239,44.6276
-8.04277,-74.6219,44.6431
-8.25343,-74.1684,44.6424
-8.46239,-73.7186,44.6416
-8.67305,-73.2652,44.6409
-8.88201,-72.8154,44.6402
-9.09267,-72.3619,44.6395
-9.30162,-71.9121,44.6387
-9.51228,-71.4587,44.638
-9.72124,-71.0089,44.6373
-9.9319,-70.5554,44.6365
-10.1409,-70.1056,44.6358
-10.3515,-69.6522,44.6351
-10.5605,-69.2024,44.6344
-10.7711,-68.7489,44.6336
-10.9801,-68.2991,44.6329
-11.1908,-67.8457,44.6322
-11.3997,-67.3959,44.6315
-11.6104,-66.9424,44.6307
-11.8193,-66.4927,44.63
-12.03,-66.0392,44.6293
-12.2389,-65.5894,44.6286
-12.4496,-65.1359,44.6278
-12.6586,-64.6862,44.6271
-12.8692,-64.2327,44.6264
-13.0782,-63.7829,44.6257
-13.2888,-63.3295,44.6249
-13.4978,-62.8797,44.6242
-13.7085,-62.4262,44.6235
-13.9174,-61.9764,44.6227
-14.1281,-61.523,44.622
-14.337,-61.0732,44.6213
-14.5477,-60.6197,44.6206
-14.7567,-60.1699,44.6198
-14.9673,-59.7165,44.6191
-15.1763,-59.2667,44.6184
-15.3869,-58.8132,44.6177
-15.5959,-58.3634,44.6169
-15.8066,-57.91,44.6162
-16.0155,-57.4602,44.6155
-16.2262,-57.0067,44.6147
-16.4351,-56.5569,44.614
-16.6458,-56.1035,44.6133
-16.8547,-55.6537,44.6126
-17.0654,-55.2002,44.6118
-17.2744,-54.7504,44.6111
-17.485,-54.297,44.6104
-17.4757,-76.8043,44.61
-17.2709,-77.2496,44.6098
-17.0621,-77.7039,44.6096
-4.28224,-50.6242,44.6064
-4.08052,-51.0561,44.6071
-3.8689,-51.5091,44.6077
-3.66718,-51.9409,44.6084
-3.45557,-52.3939,44.609
-3.25385,-52.8257,44.6097
-3.04223,-53.2787,44.6103
-2.84051,-53.7106,44.611
-2.62889,-54.1636,44.6116
-2.42717,-54.5954,44.6123
-2.21556,-55.0484,44.6129
-2.01384,-55.4802,44.6136
-1.80222,-55.9332,44.6142
-1.6005,-56.3651,44.6149
-1.38888,-56.8181,44.6155
-1.18716,-57.2499,44.6162
-0.975543,-57.7029,44.6168
-0.773823,-58.1347,44.6175
-0.562206,-58.5877,44.6181
-0.360486,-59.0195,44.6188
-0.148869,-59.4726,44.6194
0.0528511,-59.9044,44.6201
0.264469,-60.3574,44.6207
0.466188,-60.7892,44.6214
0.677806,-61.2422,44.622
0.879526,-61.674,44.6227
1.09114,-62.127,44.6233
1.29286,-62.5589,44.624
1.50448,-63.0119,44.6246
1.7062,-63.4437,44.6253
1.91782,-63.8967,44.6259
2.11954,-64.3285,44.6266
2.33116,-64.7815,44.6272
2.53287,-65.2134,44.6279
2.74449,-65.6664,44.6285
2.94621,-66.0982,44.6292
3.15783,-66.5512,44.6298
0.960754,-50.7369,44.6361
1.17257,-51.1898,44.6367
1.17335,-51.1915,44.6367
1.38516,-51.6444,44.6373
1.59698,-52.0973,44.6379
1.59776,-52.099,44.6379
1.80957,-52.5519,44.6385
2.02139,-53.0048,44.639
2.02217,-53.0065,44.639
2.23398,-53.4594,44.6396
2.4458,-53.9123,44.6402
2.44658,-53.914,44.6402
2.65839,-54.3669,44.6408
2.87021,-54.8198,44.6414
2.87099,-54.8215,44.6414
3.0828,-55.2744,44.642
3.29462,-55.7273,44.6425
3.2954,-55.729,44.6426
3.50721,-56.1819,44.6431
3.71902,-56.6348,44.6437
3.7198,-56.6365,44.6437
3.93162,-57.0894,44.6443
4.14343,-57.5424,44.6449
4.14422,-57.544,44.6449
4.35603,-57.9969,44.6455
4.56785,-58.4499,44.6461
4.56864,-58.4515,44.6461
4.78045,-58.9045,44.6466
4.99227,-59.3574,44.6472
4.99306,-59.3591,44.6472
5.20487,-59.812,44.6478
5.41668,-60.2649,44.6484
5.41748,-60.2666,44.6484
5.62929,-60.7195,44.649
5.8411,-61.1724,44.6496
5.84189,-61.1741,44.6496
6.05371,-61.627,44.6502
6.26552,-62.08,44.6507
6.26631,-62.0817,44.6507
6.47813,-62.5346,44.6513
6.68994,-62.9875,44.6519
6.69073,-62.9892,44.6519
6.90255,-63.4421,44.6525
7.11436,-63.895,44.6531
7.11515,-63.8967,44.6531
7.32697,-64.3496,44.6537
7.53878,-64.8025,44.6542
7.53957,-64.8042,44.6543
12.1575,-63.4003,44.6385
11.945,-62.9477,44.638
11.7416,-62.5146,44.6375
11.5291,-62.062,44.637
11.3258,-61.6289,44.6366
11.1133,-61.1764,44.6361
10.9099,-60.7433,44.6356
10.6974,-60.2907,44.6352
10.494,-59.8576,44.6347
10.2815,-59.405,44.6342
10.0782,-58.9719,44.6338
9.86564,-58.5193,44.6333
9.66229,-58.0863,44.6328
9.44977,-57.6337,44.6323
9.24642,-57.2006,44.6319
9.0339,-56.748,44.6314
8.83055,-56.3149,44.6309
8.61803,-55.8623,44.6305
8.41468,-55.4292,44.63
8.20217,-54.9767,44.6295
7.99881,-54.5436,44.6291
7.7863,-54.091,44.6286
7.58294,-53.6579,44.6281
7.37043,-53.2053,44.6276
7.16707,-52.7722,44.6272
6.95456,-52.3196,44.6267
6.7512,-51.8866,44.6262
6.53869,-51.434,44.6258
6.33533,-51.0009,44.6253
21.0979,-50.6581,44.6127
21.294,-51.0792,44.6128
21.5051,-51.5325,44.6129
-4.33424,-74.3841,44.588
-3.88056,-74.1739,44.5899
-3.5317,-74.0123,44.5914
-3.07802,-73.8021,44.5933
-2.72916,-73.6405,44.5948
-2.27548,-73.4303,44.5968
-1.92662,-73.2687,44.5983
-1.47293,-73.0585,44.6002
-1.12407,-72.8969,44.6017
-0.670392,-72.6867,44.6037
-0.321532,-72.5251,44.6052
0.13215,-72.315,44.6071
0.48101,-72.1534,44.6086
0.934692,-71.9432,44.6106
1.28355,-71.7816,44.6121
1.73723,-71.5714,44.614
-2.72038,-78.7703,44.653
-2.26788,-78.5576,44.6542
-1.88664,-78.3784,44.6551
-1.43413,-78.1657,44.6563
-1.05289,-77.9865,44.6573
-0.600388,-77.7738,44.6584
-0.219146,-77.5946,44.6594
0.233358,-77.3819,44.6605
0.614599,-77.2027,44.6615
1.0671,-76.99,44.6627
1.44834,-76.8108,44.6636
1.90085,-76.5981,44.6648
2.28209,-76.4189,44.6658
2.73459,-76.2062,44.6669
3.11584,-76.027,44.6679
3.56834,-75.8143,44.669
-1.35977,-81.7031,44.632
-0.908289,-81.4883,44.6329
-0.457571,-81.2738,44.6337
-0.00609452,-81.0589,44.6346
0.444624,-80.8444,44.6354
0.8961,-80.6295,44.6363
1.34682,-80.415,44.6372
1.79829,-80.2001,44.638
2.24901,-79.9856,44.6389
2.70049,-79.7708,44.6398
3.15121,-79.5562,44.6406
3.60268,-79.3414,44.6415
4.0534,-79.1269,44.6424
4.50488,-78.912,44.6432
-0.810119,-83.0019,44.6189
-0.357463,-82.7895,44.6182
0.0951938,-82.5771,44.6174
0.0952302,-82.5771,44.6174
0.547887,-82.3648,44.6167
1.00054,-82.1524,44.6159
1.00058,-82.1524,44.6159
1.45324,-81.94,44.6152
1.90589,-81.7276,44.6145
1.90593,-81.7276,44.6145
2.35859,-81.5152,44.6137
2.81124,-81.3029,44.613
2.81128,-81.3028,44.613
3.26394,-81.0905,44.6122
3.71659,-80.8781,44.6115
3.71663,-80.8781,44.6115
4.16929,-80.6657,44.6107
4.62194,-80.4533,44.61
4.62198,-80.4533,44.61
5.07464,-80.2409,44.6093
5.52729,-80.0286,44.6085
10.1936,-81.7267,44.6186
10.4044,-82.18,44.6193
10.6049,-82.6113,44.6199
10.8158,-83.0647,44.6205
15.1301,-92.3425,44.6333
15.3409,-92.7958,44.634
15.5415,-93.2271,44.6346
15.7523,-93.6805,44.6352
15.9529,-94.1118,44.6358
16.1637,-94.5651,44.6364
16.3642,-94.9964,44.637
16.5751,-95.4498,44.6376
14.4757,-79.6405,44.6639
14.6857,-80.0942,44.6639
14.8924,-80.5411,44.6639
15.1024,-80.9948,44.6639
15.3091,-81.4417,44.6639
15.5191,-81.8954,44.6639
15.7258,-82.3423,44.6639
15.9358,-82.796,44.664
16.1425,-83.2429,44.664
16.3525,-83.6966,44.664
16.5592,-84.1435,44.664
16.7692,-84.5972,44.664
16.9759,-85.0441,44.664
17.1859,-85.4978,44.664
17.3926,-85.9447,44.664
17.6026,-86.3984,44.664
17.8093,-86.8453,44.664
18.0192,-87.299,44.664
18.226,-87.7459,44.664
18.4359,-88.1996,44.664
18.6427,-88.6465,44.664
18.8526,-89.1002,44.664
19.0594,-89.5471,44.664
19.2693,-90.0008,44.664
19.4761,-90.4477,44.664
19.686,-90.9014,44.664
19.8928,-91.3483,44.664
20.1027,-91.802,44.664
20.3095,-92.2489,44.664
20.5194,-92.7026,44.664
20.7261,-93.1495,44.664
20.9361,-93.6032,44.664
25.4625,-92.0516,44.6161
25.2517,-91.5982,44.6156
25.0493,-91.1629,44.6152
24.8385,-90.7095,44.6147
24.6362,-90.2743,44.6143
24.4254,-89.8209,44.6138
24.223,-89.3856,44.6134
24.0122,-88.9323,44.6129
23.8098,-88.497,44.6125
23.599,-88.0436,44.6121
23.3966,-87.6084,44.6116
23.1858,-87.155,44.6112
22.9834,-86.7197,44.6107
22.7726,-86.2663,44.6103
22.5703,-85.8311,44.6098
22.3595,-85.3777,44.6094
22.1571,-84.9424,44.609
21.9463,-84.489,44.6085
21.7439,-84.0538,44.6081
21.5331,-83.6004,44.6076
21.3307,-83.1652,44.6072
21.1199,-82.7118,44.6067
20.9175,-82.2765,44.6063
20.7067,-81.8231,44.6058
20.5044,-81.3879,44.6054
20.2936,-80.9345,44.605
20.0912,-80.4992,44.6045
19.8804,-80.0458,44.6041
19.678,-79.6106,44.6036
19.4672,-79.1572,44.6032
19.2648,-78.7219,44.6027
19.054,-78.2686,44.6023
20.8066,-64.2338,44.6361
20.3542,-64.4467,44.6373
20.0621,-64.5842,44.6381
19.6097,-64.7971,44.6393
19.3175,-64.9346,44.64
18.8651,-65.1476,44.6413
18.5729,-65.2851,44.642
18.1205,-65.498,44.6433
17.8283,-65.6355,44.644
17.3759,-65.8484,44.6453
18.197,-69.0209,44.6935
18.6505,-68.8103,44.6888
19.104,-68.5997,44.684
19.1051,-68.5993,44.684
19.5586,-68.3887,44.6793
20.0121,-68.1781,44.6745
20.0131,-68.1776,44.6745
20.4666,-67.967,44.6698
20.9201,-67.7564,44.665
20.9211,-67.756,44.665
21.3746,-67.5454,44.6603
21.8281,-67.3348,44.6555
21.8292,-67.3343,44.6555
31.9507,-89.591,44.6209
31.5179,-89.8414,44.6214
31.5179,-89.8414,44.6214
31.0847,-90.091,44.6219
30.6515,-90.3407,44.6225
30.6514,-90.3407,44.6225
30.2184,-90.5906,44.623
29.7853,-90.8406,44.6235
29.7853,-90.8406,44.6235
29.3522,-91.0905,44.6241
32.2704,-94.9729,44.6422
32.2703,-94.973,44.6422
31.8188,-95.1876,44.6422
31.3672,-95.4023,44.6422
31.3672,-95.4023,44.6422
30.9155,-95.6168,44.6383
21.7123,-51.9846,44.603
21.9297,-52.4349,44.6035
22.147,-52.8852,44.6039
22.147,-52.8853,44.6039
22.3227,-53.3534,44.6043
22.4983,-53.8215,44.6047
22.4983,-53.8216,44.6047
22.6175,-54.3071,44.6051
22.7367,-54.7927,44.6055
22.7367,-54.7927,44.6055
22.7588,-55.2923,44.6059
22.7809,-55.7918,44.6063
22.7809,-55.7918,44.6063
22.7543,-56.2911,44.6067
24.3187,-71.6565,44.6002
24.8186,-71.6471,44.6001
25.3185,-71.6376,44.5999
25.3186,-71.6376,44.5999
25.8184,-71.6486,44.5998
26.3183,-71.6596,44.5996
26.3183,-71.6596,44.5996
26.8139,-71.7261,44.5995
27.3095,-71.7926,44.5993
27.3095,-71.7926,44.5993
27.7748,-71.9755,44.5992
28.2402,-72.1585,44.5991
28.2402,-72.1585,44.5991
28.677,-72.4018,44.5989
29.1138,-72.6451,44.5988
29.1138,-72.6452,44.5988
29.5595,-72.8718,44.5986
30.0052,-73.0985,44.5985
30.0052,-73.0985,44.5985
30.4665,-73.2913,44.5983
30.9279,-73.4842,44.5982
30.9279,-73.4842,44.5982
31.4129,-73.6058,44.598
31.8949,-73.7266,44.5979
15.525,-97.8172,44.6109
15.08,-98.0452,44.6109
14.635,-98.2731,44.611
14.6349,-98.2731,44.611
14.1866,-98.4943,44.611
13.7382,-98.7155,44.611
13.7381,-98.7156,44.611
13.2846,-98.9262,44.611
12.8312,-99.1368,44.611
12.8311,-99.1368,44.611
12.3764,-99.3446,44.6111
11.9216,-99.5524,44.6111
11.9215,-99.5524,44.6111
11.4696,-99.7663,44.6111
11.0176,-99.9801,44.6111
11.0176,-99.9801,44.6111
10.5623,-100.187,44.6112
10.1071,-100.394,44.6112
10.107,-100.394,44.6112
9.63857,-100.568,44.6112
5.28431,-100.502,44.6114
5.28428,-100.502,44.6114
4.861,-100.236,44.6115
4.43772,-99.9699,44.6115
4.43768,-99.9699,44.6115
4.06199,-99.6399,44.6115
3.6863,-99.31,44.6116
3.68627,-99.31,44.6116
3.38135,-98.9137,44.6116
3.07644,-98.5174,44.6116
3.07641,-98.5174,44.6116
2.83911,-98.0773,44.6116
2.6018,-97.6372,44.6117
2.60178,-97.6372,44.6117
2.38852,-97.1849,44.6117
2.17526,-96.7327,44.6117
2.17525,-96.7327,44.6117
1.96173,-96.2805,44.6118
1.74821,-95.8284,44.6118
1.7482,-95.8284,44.6118
1.53067,-95.3782,44.6118
1.31315,-94.928,44.6119
1.31313,-94.9279,44.6119
1.10155,-94.4749,44.6119
0.889973,-94.0219,44.6119
0.889956,-94.0218,44.6119
0.684055,-93.5662,44.612
0.478155,-93.1106,44.612
0.478138,-93.1105,44.612
0.275066,-92.6536,44.612
0.0719935,-92.1967,44.6121
0.0719767,-92.1967,44.6121
-0.132967,-91.7406,44.6121
-0.33791,-91.2845,44.6121
-0.337927,-91.2845,44.6121
-0.549601,-90.8315,44.6122
-0.761275,-90.3785,44.6122
-0.761293,-90.3785,44.6122
-0.976494,-89.9272,44.6122
-1.19169,-89.4759,44.6123
-1.19171,-89.4758,44.6123
-1.40722,-89.0247,44.6123
-1.62273,-88.5735,44.6123
-10.2327,-92.4804,44.6174
-10.0237,-92.9347,44.6174
-9.8148,-93.3889,44.6174
-9.81478,-93.389,44.6174
-9.6058,-93.8432,44.6174
-9.39682,-94.2974,44.6174
-9.3968,-94.2975,44.6174
-9.18601,-94.7509,44.6174
-8.97522,-95.2042,44.6174
-8.9752,-95.2043,44.6174
-8.76451,-95.6577,44.6173
-8.55381,-96.1112,44.6173
-8.55379,-96.1112,44.6173
-8.34302,-96.5646,44.6173
-8.13224,-97.018,44.6173
-8.13222,-97.018,44.6173
-7.92161,-97.4715,44.6173
-7.711,-97.925,44.6173
-7.71099,-97.925,44.6173
-7.49921,-98.378,44.6172
-7.28744,-98.8309,44.6172
-7.28742,-98.8309,44.6172
-7.07533,-99.2837,44.6172
-6.86324,-99.7365,44.6172
-6.86323,-99.7366,44.6172
-6.65109,-100.189,44.6172
29.1309,-58.5451,44.5846
28.9593,-59.0148,44.5846
28.7878,-59.4844,44.5846
28.7877,-59.4845,44.5846
28.6853,-59.9739,44.5846
28.5829,-60.4633,44.5846
28.5829,-60.4633,44.5846
28.5252,-60.96,44.5846
28.476,-61.3845,44.5846
28.4903,-61.7398,44.582
28.5942,-62.2289,44.5825
28.6981,-62.718,44.5829
28.7001,-62.7274,44.5829
28.8349,-63.2089,44.5833
28.9696,-63.6904,44.5838
28.9701,-63.6921,44.5838
29.1655,-64.1523,44.5842
29.3603,-64.6107,44.5846
29.6341,-65.029,44.5848
29.908,-65.4473,44.585
29.9144,-65.4571,44.585
30.2593,-65.8191,44.5851
30.6042,-66.1811,44.5853
30.6158,-66.1934,44.5853
31.0224,-66.4844,44.5855
31.429,-66.7754,44.5857
31.4339,-66.7789,44.5857
31.8888,-66.9864,44.5857
31.9678,-55.5128,44.5854
31.963,-55.5148,44.5854
31.5405,-55.7822,44.5847
31.1181,-56.0497,44.5839
31.1127,-56.0531,44.5839
30.743,-56.3898,44.5831
30.3733,-56.7265,44.5824
30.3684,-56.731,44.5824
30.0576,-57.1227,44.5824
29.7469,-57.5144,44.5824
29.7463,-57.5151,44.5824
29.4755,-57.9354,44.5836
22.7278,-56.7875,44.6071
22.6449,-57.2806,44.6076
22.5619,-57.7736,44.608
22.5619,-57.7737,44.608
22.4379,-58.2581,44.6084
22.314,-58.7425,44.6088
22.314,-58.7425,44.6088
22.1712,-59.2217,44.6092
22.0284,-59.7009,44.6096
22.0284,-59.7009,44.6096
21.8212,-60.1559,44.61
21.614,-60.611,44.6104
21.614,-60.611,44.6104
21.3576,-61.0403,44.6101
21.1011,-61.4695,44.6097
21.1011,-61.4695,44.6097
20.7911,-61.8618,44.6093
20.4812,-62.2542,44.609
20.4811,-62.2542,44.609
20.1132,-62.5927,44.6086
19.7453,-62.9312,44.6082
19.3258,-63.2031,44.6079
18.9073,-63.4744,44.6075
18.4644,-63.7064,44.6071
18.0215,-63.9384,44.6068
18.0206,-63.9389,44.6068
17.5639,-64.1425,44.6064
17.1083,-64.3458,44.606
16.6403,-64.5218,44.6057
30.5981,-95.781,44.6372
30.2545,-95.0585,44.6342
29.9108,-94.3361,44.6313
29.5672,-93.6136,44.6283
29.2236,-92.8912,44.6254
28.88,-92.1687,44.6224
28.5518,-91.4788,44.6196
28.933,-91.3109,44.6236
29.2696,-92.0366,44.6281
29.6063,-92.7624,44.6326
29.9429,-93.4881,44.6371
30.2795,-94.2138,44.6416
30.6162,-94.9395,44.6461
30.9256,-95.6066,44.6503
21.0055,-93.7375,44.6643
21.1727,-94.0991,44.6594
20.4485,-94.439,44.6535
19.7243,-94.7789,44.6476
19.0001,-95.1188,44.6417
18.2759,-95.4586,44.6358
17.5516,-95.7985,44.6299
16.8274,-96.1384,44.624
16.7854,-96.1581,44.6237
16.6224,-95.804,44.6317
17.346,-95.4628,44.6371
18.0696,-95.1217,44.6425
18.7932,-94.7805,44.6478
19.5168,-94.4393,44.6532
20.2404,-94.0982,44.6586
20.964,-93.757,44.664
-6.04635,-90.1796,44.6848
-5.32182,-89.8404,44.6711
-4.5973,-89.5012,44.6574
-3.87278,-89.162,44.6438
-3.14825,-88.8228,44.6301
-2.42373,-88.4836,44.6164
-1.79035,-88.187,44.6045
-1.6117,-88.5262,44.6115
-2.33454,-88.869,44.6223
-3.05737,-89.2118,44.6331
-3.78021,-89.5546,44.6439
-4.50305,-89.8974,44.6547
-5.22589,-90.2402,44.6655
-5.86679,-90.5441,44.6751
-2.66158,-78.7853,44.6491
-3.00321,-78.0619,44.6379
-3.34485,-77.3385,44.6266
-3.68648,-76.6152,44.6153
-4.02812,-75.8918,44.604
-4.36976,-75.1684,44.5927
-4.66627,-74.5405,44.583
-4.34184,-74.3711,44.586
-3.99743,-75.0932,44.5983
-3.65302,-75.8152,44.6105
-3.3086,-76.5373,44.6228
-2.96419,-77.2594,44.6351
-2.61978,-77.9814,44.6474
-2.31553,-78.6193,44.6582
-12.4168,-76.4451,44.671
-13.1345,-76.7984,44.6607
-13.8523,-77.1518,44.6505
-14.57,-77.5051,44.6402
-15.2878,-77.8584,44.63
-16.0055,-78.2118,44.6197
-16.6222,-78.5154,44.6109
-16.8001,-78.1382,44.6159
-16.0839,-77.7818,44.6238
-15.3677,-77.4253,44.6316
-14.6515,-77.0689,44.6395
-13.9353,-76.7124,44.6474
-13.2191,-76.356,44.6552
-12.6269,-76.0612,44.6617
3.94376,-75.661,44.6859
4.2979,-76.3783,44.6719
4.65204,-77.0957,44.6579
5.00617,-77.813,44.6439
5.36031,-78.5304,44.6299
5.71445,-79.2477,44.6159
6.00796,-79.8423,44.6043
5.60687,-80.0352,44.6053
5.26011,-79.3143,44.6174
4.91334,-78.5933,44.6295
4.56658,-77.8724,44.6415
4.21981,-77.1515,44.6536
3.87304,-76.4305,44.6656
3.58055,-75.8224,44.6758
7.79172,-65.3599,44.6531
7.06818,-65.7012,44.6434
6.34465,-66.0425,44.6337
5.62111,-66.3839,44.624
4.89757,-66.7252,44.6143
4.17404,-67.0665,44.6046
3.64086,-67.318,44.5974
3.45397,-66.9299,44.6054
4.18014,-66.5942,44.6142
4.9063,-66.2585,44.623
5.63246,-65.9228,44.6318
6.35862,-65.5871,44.6406
7.08478,-65.2514,44.6494
7.61587,-65.0059,44.6558
18.1657,-69.0561,44.6997
17.8206,-68.3343,44.6835
17.4756,-67.6125,44.6673
17.1305,-66.8908,44.6511
16.7855,-66.169,44.6349
16.4404,-65.4472,44.6187
16.0972,-64.7294,44.6026
16.5224,-64.5552,44.6136
16.8598,-65.2806,44.6272
17.1972,-66.006,44.6408
17.5346,-66.7314,44.6544
17.8719,-67.4567,44.6681
18.2093,-68.1821,44.6817
18.5308,-68.8733,44.6947
14.449,-79.5802,44.6635
15.1727,-79.2392,44.6534
15.8964,-78.8982,44.6433
16.6201,-78.5573,44.6332
17.3438,-78.2163,44.6231
18.0675,-77.8753,44.613
18.6841,-77.5848,44.6044
18.8405,-77.926,44.6094
18.1175,-78.2686,44.6175
17.3946,-78.6113,44.6255
16.6717,-78.9539,44.6336
15.9488,-79.2965,44.6417
15.2259,-79.6391,44.6497
14.6066,-79.9326,44.6566
22.1917,-67.1298,44.6488
22.529,-67.8552,44.6424
22.8663,-68.5807,44.636
23.2037,-69.3061,44.6296
23.541,-70.0315,44.6232
23.8783,-70.7569,44.6167
24.2156,-71.4823,44.6103
24.2745,-71.6088,44.6092
23.9021,-71.7496,44.6012
23.5657,-71.0237,44.611
23.2294,-70.2979,44.6208
22.893,-69.572,44.6306
22.5566,-68.8462,44.6404
22.2202,-68.1204,44.6502
21.8838,-67.3945,44.66
21.8442,-67.309,44.6611
24.0934,-50.7903,44.6522
23.3744,-51.1412,44.6382
22.6555,-51.4921,44.6241
21.9365,-51.843,44.61
21.8858,-51.8678,44.609
21.7101,-51.5126,44.606
22.4284,-51.1605,44.6198
23.1468,-50.8085,44.6335
