0.90402,-0.427489,0.00117304,-11.4698
0.427488,0.904021,0.000668995,4.64307
-0.00134644,-0.000103325,0.999999,46.341
0,0,0,1
