image_width: 1440
image_height: 928
camera_name: fisheye
camera_matrix:
  rows: 3
  cols: 3
  data: [658.897676983, 0.0, 719.335668486, 0.0, 659.869992391, 468.32106087, 0.0, 0.0, 1.0]
distortion_model: fisheye
distortion_coefficients:
  rows: 1
  cols: 4
  data: [-0.00790509510948, -0.0356504181626, 0.00803540169827, 0.0059685787996]
rectification_matrix:
  rows: 3
  cols: 3
  data: [1.000000, 0.000000, 0.000000, 0.000000, 1.000000, 0.000000, 0.000000, 0.000000, 1.000000]
projection_matrix:
  rows: 3
  cols: 4
  data: [547.741, 0.0, 715.998, 0.0, 0.0, 548.549, 478.83, 0.0, 0.0, 0.0, 1.0, 0.0]
