7.10751,-59.9941,44.6541
8.582,-62.0853,44.6362
8.22193,-62.0928,44.6382
9.33973,-64.5709,44.6421
9.19073,-64.6452,44.6203
8.04102,-62.2008,44.6421
7.74964,-62.5,44.6421
-2.88984,-46.3805,44.6423
-4.33713,-44.3698,44.6205
-3.99354,-44.3048,44.6622
-5.16391,-41.8262,44.6265
-4.96253,-41.7189,44.6265
-3.82139,-44.2339,44.6576
-3.56039,-44.0634,44.6453
25.8672,-48.8081,44.701
24.4199,-46.7973,44.6793
24.7635,-46.7323,44.721
23.5932,-44.2537,44.6852
23.7946,-44.1465,44.6852
24.9357,-46.6615,44.7164
25.1967,-46.4909,44.7041
19.6257,-35.402,44.7011
18.2282,-33.4267,44.6794
18.5395,-33.3188,44.7211
17.3656,-30.8246,44.6853
17.5667,-30.7253,44.6853
18.7081,-33.2323,44.7165
18.9691,-33.0617,44.7042
16.5584,-36.7685,44.6988
15.1609,-34.7932,44.6771
15.4722,-34.6853,44.7188
14.2982,-32.1911,44.683
14.4993,-32.0918,44.683
15.6407,-34.5988,44.7142
15.9017,-34.4282,44.7019
-8.57957,-26.1196,44.6424
-8.72857,-26.194,44.6206
-1.51831,-75.1153,44.6519
0.126179,-75.0252,44.6698
2.8364,-74.2006,44.6898
2.97412,-74.4812,44.6928
-19.832,-36.8019,44.6213
-18.2116,-36.7064,44.6335
-19.0182,-37.079,44.6278
-18.582,-37.1839,44.6336
-18.1207,-37.0888,44.635
-15.4962,-35.8777,44.6457
-15.3649,-36.1781,44.6488
-18.0107,-37.4094,44.6274
-18.4066,-37.7091,44.6337
-18.6089,-38.1696,44.6495
-17.8918,-37.7937,44.6395
-18.7153,-38.9375,44.6583
-19.7688,-38.5642,44.6232
-19.1106,-38.3637,44.6218
-18.8911,-37.8438,44.6367
-18.7245,-37.517,44.6407
-19.1277,-37.4753,44.624
-19.5528,-37.3438,44.622
-20.1299,-37.7492,44.6185
-13.7209,-69.7558,44.654
-12.2464,-71.847,44.6361
-12.6064,-71.8545,44.6381
-11.5442,-74.0866,44.6516
-11.7646,-74.1939,44.6543
-12.79,-71.9632,44.6464
-13.0787,-72.2617,44.642
-21.9533,-51.7548,44.6356
-22.265,-51.7979,44.6371
-21.6433,-53.0716,44.6477
-21.4939,-52.462,44.6262
-21.8424,-51.7894,44.6402
-20.8671,-52.1723,44.6354
-20.8535,-53.7518,44.6397
-21.2292,-52.9341,44.6425
-21.3178,-53.5804,44.6376
-21.0248,-54.1647,44.6296
-21.3314,-54.3122,44.6314
-16.2013,-73.5482,44.6558
-15.8561,-73.4917,44.6556
-17.0078,-71.0864,44.6176
-16.7392,-70.9461,44.6156
-16.2861,-71.8528,44.6338
-15.8007,-71.9907,44.6466
-16.1689,-71.2228,44.6397
-15.0423,-72.1231,44.655
-15.4311,-73.0934,44.642
-15.628,-72.3977,44.6489
-16.1307,-72.2679,44.6524
-15.592,-73.3631,44.6565
-15.3409,-73.1384,44.6603
23.1217,-50.1772,44.6657
21.7137,-48.1752,44.6598
22.0634,-48.2057,44.6809
21.4154,-46.857,44.6602
21.22,-47.3865,44.6407
21.5455,-47.9984,44.6567
20.5966,-47.6318,44.6299
20.6091,-46.2217,44.6517
21.005,-47.0149,44.6538
21.1378,-46.4658,44.6598
20.8267,-45.6925,44.6542
21.1082,-45.5507,44.6621
22.3202,-48.0873,44.6674
22.534,-47.7693,44.6683
26.1612,-32.1309,44.6963
25.9477,-31.6788,44.696
25.7342,-31.2267,44.6956
25.5206,-30.7746,44.6952
25.3071,-30.3225,44.6949
25.0935,-29.8704,44.6945
24.88,-29.4183,44.6941
24.6664,-28.9661,44.6938
16.0104,-31.469,44.7032
16.2214,-31.9224,44.7021
16.4323,-32.3757,44.701
16.6432,-32.829,44.7
16.8541,-33.2824,44.6989
17.0651,-33.7357,44.6978
17.276,-34.189,44.6968
17.4869,-34.6424,44.6957
17.6979,-35.0957,44.6947
19.6122,-39.1898,44.6863
19.8225,-39.6434,44.6852
20.0327,-40.0971,44.684
20.243,-40.5507,44.6829
20.4532,-41.0044,44.6818
20.6635,-41.458,44.6807
20.8737,-41.9117,44.6795
21.084,-42.3653,44.6784
23.1539,-46.8574,44.6665
23.3667,-47.3098,44.6655
23.5795,-47.7623,44.6645
23.7922,-48.2147,44.6635
24.005,-48.6672,44.6625
24.2178,-49.1197,44.6615
24.4306,-49.5721,44.6605
24.6434,-50.0246,44.6595
27.6269,-54.8593,44.6429
27.3418,-55.2701,44.6439
27.0567,-55.6808,44.645
26.7756,-56.0732,44.6443
26.5225,-56.5043,44.6453
26.2693,-56.9355,44.6463
26.0406,-57.3953,44.634
25.8727,-57.8663,44.6343
25.7049,-58.3373,44.6345
25.6311,-58.6139,44.6336
25.5168,-59.1007,44.6327
25.4024,-59.5874,44.6318
26.111,-65.3514,44.6203
26.3293,-65.8013,44.6199
26.5476,-66.2511,44.6195
26.7615,-66.6191,44.6186
27.0535,-67.025,44.6182
27.3455,-67.4308,44.6178
27.6027,-67.7666,44.6166
7.12257,-25.5899,44.5855
7.0885,-25.6063,44.5848
6.91994,-25.2435,44.5837
9.26252,-25.4495,44.6266
9.43107,-25.8123,44.6277
7.62824,-26.6782,44.5889
7.59417,-26.6946,44.5882
7.42562,-26.3318,44.5871
9.22845,-25.4659,44.6258
9.76819,-26.5378,44.63
9.93675,-26.9006,44.6311
8.13392,-27.7665,44.5923
8.09985,-27.7829,44.5916
7.93129,-27.4201,44.5905
9.73412,-26.5542,44.6292
10.2739,-27.6261,44.6334
10.4424,-27.9889,44.6345
8.63959,-28.8548,44.5957
8.60552,-28.8712,44.595
8.43696,-28.5084,44.5939
10.2398,-27.6425,44.6326
10.7795,-28.7144,44.6368
10.9481,-29.0772,44.6379
9.14526,-29.9431,44.5991
9.1112,-29.9595,44.5984
8.94264,-29.5967,44.5973
10.7455,-28.7308,44.6361
11.2617,-29.7522,44.64
11.4303,-30.1149,44.6412
9.62744,-30.9809,44.6024
9.59338,-30.9972,44.6017
9.42482,-30.6344,44.6005
11.2276,-29.7685,44.6393
25.9925,-26.03,44.6062
26,-26.0471,44.6059
26.3625,-25.8779,44.605
24.9051,-26.5374,44.6087
24.9125,-26.5545,44.6083
25.275,-26.3853,44.6075
23.8176,-27.0448,44.6112
23.825,-27.0619,44.6108
24.1875,-26.8927,44.61
22.2942,-25.5493,44.6504
21.9317,-25.7185,44.6512
22.7301,-27.5522,44.6137
22.7375,-27.5693,44.6133
23.1,-27.4002,44.6125
22.3016,-25.5664,44.65
21.2067,-26.0567,44.6529
20.8442,-26.2259,44.6537
21.6426,-28.0596,44.6161
21.65,-28.0767,44.6158
22.0125,-27.9076,44.615
21.2141,-26.0738,44.6525
20.1192,-26.5641,44.6553
19.7567,-26.7333,44.6562
20.5551,-28.567,44.6186
20.5625,-28.5841,44.6183
20.925,-28.415,44.6175
20.1266,-26.5812,44.655
19.0317,-27.0716,44.6578
18.6692,-27.2407,44.6587
19.4676,-29.0744,44.6211
19.475,-29.0915,44.6208
19.8375,-28.9224,44.6199
19.0391,-27.0886,44.6575
17.9442,-27.579,44.6603
17.5817,-27.7481,44.6611
18.3801,-29.5818,44.6236
18.3875,-29.5989,44.6232
18.75,-29.4298,44.6224
17.9516,-27.596,44.66
16.8567,-28.0864,44.6628
16.4942,-28.2555,44.6636
17.2926,-30.0892,44.6261
17.3,-30.1063,44.6257
17.6625,-29.9372,44.6249
16.8641,-28.1034,44.6624
15.7692,-28.5938,44.6653
15.4067,-28.7629,44.6661
16.2051,-30.5966,44.6286
16.2125,-30.6137,44.6282
16.575,-30.4446,44.6274
15.7766,-28.6108,44.6649
14.6817,-29.1012,44.6678
14.3192,-29.2703,44.6686
15.1176,-31.1041,44.631
15.125,-31.1211,44.6307
15.4875,-30.952,44.6299
14.6891,-29.1183,44.6674
13.5942,-29.6086,44.6702
13.2317,-29.7777,44.6711
14.0301,-31.6115,44.6335
14.0375,-31.6285,44.6332
14.4,-31.4594,44.6323
13.6016,-29.6257,44.6699
13.35,-31.9493,44.6347
12.9875,-32.1184,44.6356
12.1891,-30.2847,44.6731
12.1817,-30.2676,44.6735
12.5442,-30.0985,44.6726
13.3426,-31.9322,44.6351
-5.82008,-25.9578,44.5982
-6.18394,-26.124,44.5993
-5.3302,-27.9327,44.6001
-5.31111,-27.9731,44.6001
-4.94725,-27.8069,44.599
-5.80099,-25.9983,44.5983
-6.91166,-26.4564,44.6015
-7.27552,-26.6226,44.6026
-6.42178,-28.4312,44.6033
-6.40269,-28.4717,44.6034
-6.03883,-28.3055,44.6023
-6.89257,-26.4969,44.6015
-8.00324,-26.955,44.6047
-8.3671,-27.1212,44.6058
-7.51336,-28.9298,44.6066
-7.49427,-28.9702,44.6066
-7.13041,-28.8041,44.6055
-7.98414,-26.9954,44.6047
-9.09482,-27.4535,44.608
-9.45868,-27.6197,44.609
-8.60494,-29.4284,44.6098
-8.58584,-29.4688,44.6098
-8.22198,-29.3026,44.6087
-9.07572,-27.494,44.608
-10.1864,-27.9521,44.6112
-10.5503,-28.1183,44.6123
-9.69652,-29.9269,44.613
-9.67742,-29.9674,44.6131
-9.31356,-29.8012,44.612
-10.1673,-27.9926,44.6112
-11.278,-28.4507,44.6144
-11.6418,-28.6169,44.6155
-10.7881,-30.4255,44.6163
-10.769,-30.4659,44.6163
-10.4051,-30.2997,44.6152
-11.2589,-28.4911,44.6144
-12.3695,-28.9492,44.6177
-12.7334,-29.1154,44.6187
-11.8797,-30.924,44.6195
-11.8606,-30.9645,44.6195
-11.4967,-30.7983,44.6185
-12.3505,-28.9897,44.6177
-12.5999,-31.3022,44.6217
-12.9638,-31.4684,44.6228
-13.8175,-29.6598,44.622
-13.8366,-29.6193,44.622
-13.4728,-29.4531,44.6209
-12.619,-31.2617,44.6217
-13.0303,-31.7774,44.6277
-12.8632,-32.1408,44.6279
-14.6455,-33.0484,44.5877
-14.6484,-33.0499,44.5876
-14.8155,-32.6864,44.5874
-13.0333,-31.7789,44.6276
-12.5291,-32.8677,44.6283
-12.362,-33.2312,44.6285
-14.1442,-34.1387,44.5883
-14.1472,-34.1402,44.5882
-14.3143,-33.7768,44.588
-12.532,-32.8692,44.6282
-12.0278,-33.9581,44.6288
-11.8607,-34.3215,44.629
-13.643,-35.2291,44.5888
-13.6459,-35.2306,44.5888
-13.813,-34.8671,44.5886
-12.0308,-33.9596,44.6288
-11.5266,-35.0484,44.6294
-11.3595,-35.4119,44.6296
-13.1417,-36.3194,44.5894
-13.1447,-36.3209,44.5893
-13.3118,-35.9575,44.5891
-11.5295,-35.0499,44.6293
-11.0253,-36.1388,44.63
-10.8583,-36.5022,44.6302
-12.6405,-37.4098,44.59
-12.6434,-37.4113,44.5899
-12.8105,-37.0478,44.5897
-11.0283,-36.1403,44.6299
-10.5241,-37.2291,44.6305
-10.357,-37.5926,44.6307
-12.1392,-38.5001,44.5905
-12.1422,-38.5017,44.5905
-12.3093,-38.1382,44.5903
-10.527,-37.2306,44.6305
-10.0228,-38.3195,44.6311
-9.85576,-38.6829,44.6313
-11.638,-39.5905,44.5911
-11.6409,-39.592,44.591
-11.808,-39.2286,44.5908
-10.0258,-38.321,44.631
-9.5203,-39.4126,44.6317
-9.35321,-39.7761,44.6319
-11.1354,-40.6837,44.5917
-11.1384,-40.6852,44.5916
-11.3055,-40.3217,44.5914
-9.52326,-39.4142,44.6316
-0.912549,-36.4291,44.5915
-1.27545,-36.5974,44.5917
-0.481898,-38.3498,44.6029
-0.118994,-38.1816,44.6028
-2.00126,-36.9339,44.592
-2.36416,-37.1022,44.5922
-1.57061,-38.8546,44.6035
-1.20771,-38.6864,44.6033
-3.08997,-37.4387,44.5925
-3.45287,-37.607,44.5927
-2.65932,-39.3594,44.604
-2.29642,-39.1912,44.6038
-4.17868,-37.9435,44.5931
-4.54159,-38.1118,44.5932
-3.74803,-39.8642,44.6045
-3.38513,-39.696,44.6043
-5.26739,-38.4483,44.5936
-5.6303,-38.6166,44.5937
-4.83674,-40.369,44.605
-4.47384,-40.2008,44.6048
-6.3561,-38.9531,44.5941
-6.71901,-39.1214,44.5943
-5.92545,-40.8738,44.6055
-5.56255,-40.7056,44.6054
-7.44482,-39.4579,44.5946
-7.80772,-39.6262,44.5948
-7.01416,-41.3786,44.606
-6.65126,-41.2104,44.6059
-7.76452,-41.7266,44.6064
-8.12742,-41.8948,44.6066
-8.92097,-40.1424,44.5953
-8.55807,-39.9741,44.5951
-22.2425,-39.2017,44.5998
-21.9042,-39.9267,44.5974
-21.7351,-40.2892,44.5961
-21.9671,-39.9562,44.5988
-21.3968,-41.0142,44.5937
-21.2276,-41.3767,44.5924
-21.4597,-41.0437,44.5951
-20.8894,-42.1016,44.59
-20.7202,-42.4641,44.5887
-20.9523,-42.1312,44.5914
-20.3819,-43.1891,44.5863
-20.2128,-43.5516,44.585
-22.0232,-44.4016,44.6253
-22.0861,-44.4312,44.6267
-22.2552,-44.0687,44.628
-20.4448,-43.2187,44.5877
-19.8879,-44.2479,44.5826
-19.7188,-44.6104,44.5814
-21.5292,-45.4604,44.6217
-21.5921,-45.4899,44.6231
-21.7612,-45.1274,44.6244
-19.9508,-44.2774,44.584
-5.65111,-74.9998,44.5881
4.75533,-70.0398,44.6312
4.92365,-70.4027,44.6325
3.09451,-71.2115,44.6072
3.08914,-71.2139,44.6072
2.92082,-70.851,44.6059
4.74997,-70.0422,44.6311
5.26029,-71.1285,44.635
5.42861,-71.4913,44.6363
3.59946,-72.3002,44.6111
3.59409,-72.3026,44.611
3.42578,-71.9397,44.6097
5.25492,-71.1308,44.635
5.76525,-72.2171,44.6388
5.93357,-72.58,44.6401
4.10442,-73.3888,44.6149
4.09905,-73.3912,44.6148
3.93073,-73.0283,44.6135
5.75988,-72.2195,44.6388
6.2702,-73.3057,44.6427
6.43852,-73.6686,44.6439
4.60938,-74.4774,44.6187
4.60401,-74.4798,44.6186
4.43569,-74.1169,44.6173
6.26484,-73.3081,44.6426
6.77516,-74.3944,44.6465
6.94348,-74.7572,44.6477
4.94065,-75.2056,44.6211
6.76979,-74.3967,44.6464
-2.64932,-27.0283,44.5866
-2.48064,-27.391,44.5866
-4.28829,-28.2468,44.5867
-4.31455,-28.2592,44.5867
-4.48322,-27.8965,44.5867
-2.67558,-27.0407,44.5866
-2.14329,-28.1164,44.5866
-1.97462,-28.4791,44.5865
-3.78226,-29.3349,44.5866
-3.80852,-29.3474,44.5866
-3.9772,-28.9847,44.5866
-2.16955,-28.1288,44.5866
-1.63727,-29.2046,44.5865
-1.46859,-29.5673,44.5865
-3.27624,-30.4231,44.5866
-3.3025,-30.4355,44.5866
-3.47117,-30.0728,44.5866
-1.66353,-29.217,44.5865
-1.13124,-30.2927,44.5865
-0.962566,-30.6554,44.5864
-2.77021,-31.5112,44.5865
-2.79647,-31.5237,44.5865
-2.96515,-31.1609,44.5865
-1.1575,-30.3051,44.5865
-0.625215,-31.3808,44.5864
-0.45654,-31.7436,44.5864
-2.26418,-32.5994,44.5865
-2.29045,-32.6118,44.5865
-2.45912,-32.2491,44.5865
-0.651477,-31.3933,44.5864
-0.11919,-32.469,44.5864
0.0494857,-32.8317,44.5864
-1.75816,-33.6875,44.5864
-1.78442,-33.7,44.5864
-1.9531,-33.3372,44.5864
-0.145451,-32.4814,44.5864
0.386836,-33.5571,44.5863
0.555511,-33.9198,44.5863
-1.25213,-34.7757,44.5864
-1.2784,-34.7881,44.5864
-1.44707,-34.4254,44.5864
0.360575,-33.5696,44.5863
0.878956,-34.6154,44.5863
1.04763,-34.9781,44.5863
-0.760014,-35.8339,44.5863
-0.786275,-35.8463,44.5863
-0.95495,-35.4836,44.5863
0.852694,-34.6278,44.5863
16.906,-74.8845,44.6681
16.5433,-75.053,44.6688
15.1366,-65.205,44.618
15.3088,-65.5661,44.6178
13.4898,-66.3976,44.6423
13.4364,-66.422,44.643
13.2642,-66.0609,44.6432
15.0832,-65.2294,44.6187
15.653,-66.2882,44.6174
15.8252,-66.6493,44.6173
14.0062,-67.4808,44.6418
13.9528,-67.5052,44.6425
13.7807,-67.1441,44.6427
15.5996,-66.3127,44.6182
16.1695,-67.3715,44.6169
16.3416,-67.7326,44.6168
14.5226,-68.564,44.6413
14.4692,-68.5885,44.642
14.2971,-68.2274,44.6422
16.116,-67.3959,44.6177
16.6859,-68.4547,44.6164
16.858,-68.8158,44.6162
15.0391,-69.6473,44.6408
14.9856,-69.6717,44.6415
14.8135,-69.3106,44.6417
16.6325,-68.4792,44.6171
17.2023,-69.538,44.6159
17.3745,-69.8991,44.6157
15.5555,-70.7305,44.6403
15.5021,-70.755,44.641
15.3299,-70.3939,44.6411
17.1489,-69.5624,44.6166
17.7188,-70.6212,44.6154
17.8909,-70.9823,44.6152
16.0719,-71.8138,44.6397
16.0185,-71.8382,44.6405
15.8464,-71.4771,44.6406
17.6653,-70.6457,44.6161
18.2352,-71.7045,44.6149
18.4073,-72.0656,44.6147
16.5884,-72.897,44.6392
16.5349,-72.9215,44.6399
16.3628,-72.5604,44.6401
18.1818,-71.7289,44.6156
18.7777,-72.8425,44.6143
18.9499,-73.2036,44.6142
17.1309,-74.035,44.6387
17.0775,-74.0595,44.6394
16.9053,-73.6984,44.6396
18.7243,-72.8669,44.6151
12.049,-64.46,44.6086
11.688,-64.6324,44.6079
12.5889,-66.3552,44.6461
12.9499,-66.1828,44.6469
10.9661,-64.9771,44.6065
10.6051,-65.1495,44.6057
11.506,-66.8723,44.6439
11.8669,-66.6999,44.6447
9.88314,-65.4942,44.6043
9.52217,-65.6666,44.6035
10.423,-67.3894,44.6418
10.784,-67.217,44.6425
8.80022,-66.0113,44.6021
8.43924,-66.1837,44.6014
9.34012,-67.9064,44.6396
9.7011,-67.7341,44.6403
7.71729,-66.5284,44.5999
7.35632,-66.7008,44.5992
8.25719,-68.4235,44.6374
8.61817,-68.2512,44.6381
6.63436,-67.0455,44.5977
6.27339,-67.2179,44.597
7.17427,-68.9406,44.6352
7.53524,-68.7683,44.6359
5.55144,-67.5626,44.5955
5.19046,-67.7349,44.5948
6.09134,-69.4577,44.633
6.45232,-69.2854,44.6338
5.33852,-69.8172,44.6315
4.97755,-69.9896,44.6308
4.07667,-68.2668,44.5925
4.43764,-68.0944,44.5933
-6.39785,-42.5096,44.6164
-6.18661,-42.9628,44.6171
-5.98645,-43.3922,44.6179
-5.7752,-43.8454,44.6186
-5.57504,-44.2748,44.6193
-5.3638,-44.728,44.6201
-5.16364,-45.1574,44.6208
-4.95239,-45.6106,44.6216
-4.75223,-46.04,44.6223
-4.54098,-46.4931,44.6231
-4.34083,-46.9225,44.6238
-4.12958,-47.3757,44.6246
-3.92942,-47.8051,44.6253
-3.71817,-48.2583,44.6261
-3.51801,-48.6877,44.6268
-3.30677,-49.1409,44.6276
-3.10661,-49.5703,44.6283
-2.89536,-50.0234,44.629
-2.6952,-50.4528,44.6298
-2.48396,-50.906,44.6305
-2.2838,-51.3354,44.6313
-2.07255,-51.7886,44.632
-1.87239,-52.218,44.6327
-1.66115,-52.6712,44.6335
-1.46099,-53.1006,44.6342
-1.24974,-53.5538,44.635
-1.04958,-53.9832,44.6357
-0.838334,-54.4363,44.6365
-0.638176,-54.8657,44.6372
-0.426929,-55.3189,44.638
-0.22677,-55.7483,44.6387
-0.0155233,-56.2015,44.6395
0.184635,-56.6309,44.6402
0.395882,-57.0841,44.6409
0.596041,-57.5135,44.6417
0.807288,-57.9666,44.6424
1.00745,-58.396,44.6432
1.21869,-58.8492,44.6439
1.41885,-59.2786,44.6446
1.6301,-59.7318,44.6454
1.83026,-60.1612,44.6461
2.0415,-60.6144,44.6469
2.24166,-61.0438,44.6476
2.45291,-61.497,44.6484
2.65307,-61.9264,44.6491
2.86432,-62.3795,44.6499
3.06447,-62.8089,44.6506
3.27572,-63.2621,44.6513
3.47588,-63.6915,44.6521
3.68713,-64.1447,44.6528
3.88729,-64.5741,44.6536
4.09853,-65.0273,44.6543
4.29869,-65.4567,44.655
4.50994,-65.9099,44.6558
19.235,-72.1407,44.6355
19.6837,-71.92,44.635
20.1323,-71.6993,44.6346
20.1329,-71.699,44.6346
20.5816,-71.4783,44.6342
21.0303,-71.2576,44.6338
21.0309,-71.2573,44.6338
21.4795,-71.0367,44.6334
21.9282,-70.816,44.6329
21.9288,-70.8157,44.6329
22.3775,-70.595,44.6325
22.8261,-70.3743,44.6321
22.8267,-70.374,44.6321
23.2754,-70.1533,44.6317
10.7496,-63.9885,44.6284
10.5379,-63.5355,44.6279
10.3353,-63.1021,44.6275
10.1235,-62.6491,44.627
9.92095,-62.2156,44.6265
9.70923,-61.7627,44.626
9.50663,-61.3292,44.6256
9.29492,-60.8763,44.6251
9.09232,-60.4428,44.6246
8.8806,-59.9898,44.6242
8.678,-59.5564,44.6237
8.46629,-59.1034,44.6232
8.26369,-58.67,44.6228
8.05197,-58.217,44.6223
7.84938,-57.7836,44.6218
7.63766,-57.3306,44.6213
7.43506,-56.8971,44.6209
7.22335,-56.4442,44.6204
7.02075,-56.0107,44.6199
6.80903,-55.5578,44.6195
6.60644,-55.1243,44.619
6.39472,-54.6713,44.6185
6.19212,-54.2379,44.6181
5.98041,-53.7849,44.6176
5.77781,-53.3515,44.6171
5.56609,-52.8985,44.6166
5.36349,-52.465,44.6162
5.15178,-52.0121,44.6157
4.94918,-51.5786,44.6152
4.73746,-51.1257,44.6148
4.53487,-50.6922,44.6143
4.32315,-50.2392,44.6138
4.12055,-49.8058,44.6134
3.90884,-49.3528,44.6129
3.70624,-48.9194,44.6124
3.49452,-48.4664,44.6119
3.29193,-48.0329,44.6115
3.08021,-47.58,44.611
2.87761,-47.1465,44.6105
2.6659,-46.6936,44.61
2.4633,-46.2601,44.6096
2.25158,-45.8071,44.6091
2.04898,-45.3737,44.6086
1.83727,-44.9207,44.6082
1.63467,-44.4873,44.6077
1.42295,-44.0343,44.6072
1.22036,-43.6008,44.6068
1.00864,-43.1479,44.6063
0.806043,-42.7144,44.6058
0.594327,-42.2615,44.6053
0.39173,-41.828,44.6049
0.180013,-41.375,44.6044
-0.0225842,-40.9416,44.6039
-0.2343,-40.4886,44.6035
2.67165,-72.7509,44.6386
2.21877,-72.9628,44.6373
1.7659,-73.1747,44.636
1.76365,-73.1758,44.636
1.31078,-73.3877,44.6347
0.857904,-73.5996,44.6333
0.85566,-73.6006,44.6333
0.402786,-73.8125,44.632
-0.050089,-74.0245,44.6307
-0.0523332,-74.0255,44.6307
-0.505208,-74.2374,44.6294
-0.958083,-74.4493,44.6281
-0.960327,-74.4504,44.6281
-1.4132,-74.6623,44.6268
-1.86608,-74.8742,44.6255
-1.86832,-74.8752,44.6255
-2.32119,-75.0871,44.6242
19.32,-30.8565,44.6888
19.5279,-31.3113,44.6895
19.7278,-31.7485,44.6902
19.9357,-32.2032,44.6909
20.1356,-32.6404,44.6916
20.3436,-33.0951,44.6923
20.5435,-33.5323,44.693
20.7514,-33.987,44.6937
20.9513,-34.4242,44.6944
21.1592,-34.8789,44.6951
21.3591,-35.3161,44.6958
21.567,-35.7709,44.6965
21.7669,-36.2081,44.6971
21.9748,-36.6628,44.6979
22.1747,-37.1,44.6985
22.3827,-37.5547,44.6992
22.5826,-37.9919,44.6999
22.7905,-38.4466,44.7006
22.9904,-38.8838,44.7013
23.1983,-39.3385,44.702
23.3982,-39.7757,44.7027
23.6061,-40.2305,44.7034
23.806,-40.6677,44.7041
24.014,-41.1224,44.7048
24.2139,-41.5596,44.7055
24.4218,-42.0143,44.7062
24.6217,-42.4515,44.7069
24.8296,-42.9062,44.7076
25.0295,-43.3434,44.7083
25.2374,-43.7981,44.709
25.4373,-44.2353,44.7096
25.6452,-44.69,44.7104
25.8451,-45.1272,44.711
26.0531,-45.582,44.7117
26.253,-46.0192,44.7124
26.4609,-46.4739,44.7131
26.6608,-46.9111,44.7138
26.8687,-47.3658,44.7145
27.0686,-47.803,44.7152
27.2765,-48.2577,44.7159
19.9986,-73.4094,44.5884
20.4489,-73.192,44.5895
20.8992,-72.9747,44.5906
20.8992,-72.9747,44.5906
21.3526,-72.7638,44.5916
21.806,-72.553,44.5927
21.806,-72.553,44.5927
22.2653,-72.3553,44.5937
22.7246,-72.1577,44.5948
22.7246,-72.1576,44.5948
23.1967,-71.9929,44.5958
23.6687,-71.8281,44.5969
23.6688,-71.8281,44.5969
24.1518,-71.6989,44.598
-9.50759,-75.075,44.6344
-9.71804,-74.6214,44.6335
-9.92427,-74.177,44.6326
-10.1347,-73.7234,44.6317
-10.341,-73.279,44.6309
-10.5514,-72.8254,44.63
-10.7576,-72.381,44.6291
-10.9681,-71.9274,44.6282
-11.1743,-71.483,44.6274
-11.3848,-71.0294,44.6265
-11.591,-70.585,44.6256
-11.8014,-70.1314,44.6247
-12.0077,-69.687,44.6239
-12.2181,-69.2334,44.623
-12.4243,-68.789,44.6221
-12.6348,-68.3354,44.6212
-12.841,-67.891,44.6204
-13.0515,-67.4374,44.6195
-13.2577,-66.993,44.6186
-13.4682,-66.5395,44.6177
-13.6744,-66.095,44.6169
-13.8848,-65.6415,44.616
-14.0911,-65.197,44.6151
-14.3015,-64.7435,44.6142
-14.5077,-64.299,44.6133
-14.7182,-63.8455,44.6125
-14.9244,-63.401,44.6116
-15.1349,-62.9475,44.6107
-15.3411,-62.503,44.6098
-15.5516,-62.0495,44.609
-15.7578,-61.605,44.6081
-15.9682,-61.1515,44.6072
-16.1745,-60.707,44.6063
-16.3849,-60.2535,44.6054
-16.5911,-59.809,44.6046
-16.8016,-59.3555,44.6037
-17.0078,-58.911,44.6028
-17.2183,-58.4575,44.6019
-17.4245,-58.0131,44.6011
-17.635,-57.5595,44.6002
-17.8412,-57.1151,44.5993
-18.0516,-56.6615,44.5984
-18.2579,-56.2171,44.5976
-18.4683,-55.7635,44.5967
-18.6745,-55.3191,44.5958
-18.885,-54.8655,44.5949
-19.0912,-54.4211,44.5941
-19.3017,-53.9675,44.5932
-19.5079,-53.5231,44.5923
-19.7184,-53.0695,44.5914
-19.9246,-52.6251,44.5905
-20.135,-52.1715,44.5897
-20.3413,-51.7271,44.5888
-20.5517,-51.2735,44.5879
-20.7579,-50.8291,44.587
-20.9684,-50.3755,44.5861
-21.1746,-49.9311,44.5853
-21.3851,-49.4775,44.5844
-21.5913,-49.0331,44.5835
-21.8018,-48.5796,44.5826
-13.057,-75.1478,44.6562
-13.2675,-74.6942,44.6555
-13.4744,-74.2484,44.6548
-13.6849,-73.7948,44.6541
-13.8919,-73.349,44.6535
-14.1023,-72.8954,44.6528
-14.3093,-72.4496,44.6521
-14.5198,-71.996,44.6514
-14.7267,-71.5502,44.6507
-14.9372,-71.0966,44.65
-15.1441,-70.6508,44.6493
-15.3546,-70.1972,44.6486
-15.5615,-69.7514,44.6479
-15.772,-69.2978,44.6472
-15.979,-68.852,44.6465
-16.1895,-68.3984,44.6458
-16.3964,-67.9526,44.6451
-16.6069,-67.499,44.6444
-16.8138,-67.0532,44.6438
-17.0243,-66.5996,44.6431
-17.2312,-66.1538,44.6424
-17.4417,-65.7002,44.6417
-17.6486,-65.2544,44.641
-17.8591,-64.8008,44.6403
-18.0661,-64.355,44.6396
-18.2766,-63.9014,44.6389
-18.4835,-63.4556,44.6382
-18.694,-63.002,44.6375
-18.9009,-62.5562,44.6368
-19.1114,-62.1026,44.6361
-19.3183,-61.6568,44.6354
-19.5288,-61.2032,44.6347
-19.7357,-60.7574,44.634
-19.9462,-60.3038,44.6333
-20.1532,-59.858,44.6327
-20.3637,-59.4044,44.632
-20.5706,-58.9585,44.6313
-20.7811,-58.505,44.6306
-20.988,-58.0591,44.6299
-21.1985,-57.6056,44.6292
-21.4054,-57.1597,44.6285
-21.6159,-56.7062,44.6278
-21.8229,-56.2603,44.6271
-22.0333,-55.8068,44.6264
-22.2403,-55.3609,44.6257
-22.2168,-63.0527,44.6295
-22.0053,-63.5058,44.6299
-21.7962,-63.9538,44.6303
-21.5848,-64.4069,44.6306
-21.3757,-64.8549,44.631
-21.1642,-65.308,44.6314
-20.9551,-65.756,44.6318
-20.7436,-66.2091,44.6322
-20.5345,-66.6572,44.6325
-20.3231,-67.1102,44.6329
-20.1139,-67.5583,44.6333
-19.9025,-68.0114,44.6337
-19.6934,-68.4594,44.6341
-19.4819,-68.9125,44.6344
-19.2728,-69.3605,44.6348
-19.0613,-69.8136,44.6352
-18.8522,-70.2616,44.6356
-18.6408,-70.7147,44.6359
-18.4317,-71.1628,44.6363
-18.2202,-71.6158,44.6367
-18.0111,-72.0639,44.6371
-17.7996,-72.517,44.6375
-17.5905,-72.965,44.6378
-17.3791,-73.4181,44.6382
-17.1699,-73.8661,44.6386
-16.9585,-74.3192,44.639
-16.7494,-74.7672,44.6393
-19.1102,-43.1345,44.6214
-18.6579,-42.9214,44.6217
-18.2312,-42.7204,44.622
-17.7789,-42.5073,44.6223
-17.3522,-42.3063,44.6226
-16.8999,-42.0932,44.6229
-16.4733,-41.8922,44.6232
-16.0209,-41.6791,44.6235
-15.5943,-41.4781,44.6237
-15.142,-41.265,44.624
-14.7153,-41.064,44.6243
-14.263,-40.8509,44.6246
-13.8363,-40.6498,44.6249
-13.384,-40.4368,44.6252
1.59778,-33.5094,44.5912
2.05024,-33.2966,44.5934
2.49774,-33.0862,44.5956
2.95021,-32.8734,44.5978
3.39771,-32.6629,44.6
3.85018,-32.4502,44.6023
4.29767,-32.2397,44.6045
4.75014,-32.027,44.6067
5.19764,-31.8165,44.6089
5.65011,-31.6038,44.6111
6.0976,-31.3933,44.6133
6.55007,-31.1806,44.6156
6.99757,-30.9701,44.6178
7.45004,-30.7573,44.62
-14.2785,-25.5809,44.6221
-14.0692,-26.0295,44.6222
-13.8578,-26.4826,44.6223
-13.6484,-26.9312,44.6224
-13.437,-27.3843,44.6226
4.11851,-25.2213,44.6233
3.67355,-25.4267,44.621
3.21957,-25.6362,44.6186
2.77461,-25.8416,44.6163
2.32063,-26.0511,44.6139
1.87568,-26.2565,44.6116
1.4217,-26.466,44.6092
0.976739,-26.6714,44.6068
0.522758,-26.8809,44.6045
0.0778015,-27.0862,44.6021
-0.37618,-27.2958,44.5997
-16.0924,-25.2972,44.5961
-15.8834,-25.7506,44.596
-15.6741,-26.2047,44.5958
-15.4651,-26.6581,44.5957
-15.2558,-27.1122,44.5955
-15.0468,-27.5656,44.5954
-14.8375,-28.0196,44.5952
-10.824,-25.4405,44.6428
-10.6259,-25.8666,44.6432
-10.4152,-26.32,44.6436
-7.27752,-25.4703,44.5763
0.278697,-25.3151,44.583
-0.172281,-25.5311,44.5832
-0.622137,-25.7464,44.5833
-1.07312,-25.9623,44.5835
0.282917,-30.5656,44.6037
0.736345,-30.3548,44.6064
1.18977,-30.1441,44.6091
1.19092,-30.1436,44.6091
1.64435,-29.9329,44.6117
2.09778,-29.7221,44.6144
2.09893,-29.7216,44.6144
2.55236,-29.5109,44.6171
3.00579,-29.3002,44.6198
3.00694,-29.2996,44.6198
3.46037,-29.0889,44.6225
3.91379,-28.8782,44.6251
3.91495,-28.8776,44.6251
4.36837,-28.6669,44.6278
4.8218,-28.4562,44.6305
4.82298,-28.4557,44.6305
5.2764,-28.2449,44.6332
5.72983,-28.0342,44.6358
5.73101,-28.0337,44.6359
6.18443,-27.8229,44.6385
6.63786,-27.6122,44.6412
6.63903,-27.6117,44.6412
2.18985,-34.9384,44.5674
2.64013,-34.7211,44.5699
3.0851,-34.5063,44.5724
3.53539,-34.2889,44.5749
3.98036,-34.0741,44.5774
4.43064,-33.8567,44.5799
4.87562,-33.6419,44.5824
5.3259,-33.4246,44.5849
5.77087,-33.2098,44.5874
6.22115,-32.9924,44.59
6.66613,-32.7776,44.5924
7.11641,-32.5603,44.595
7.56138,-32.3455,44.5974
8.01167,-32.1281,44.6
-18.4812,-44.4883,44.6014
-18.0318,-44.2692,44.6012
-17.6111,-44.0641,44.6011
-17.1617,-43.845,44.6009
-16.7411,-43.6399,44.6008
-16.2916,-43.4208,44.6007
-15.871,-43.2157,44.6005
-15.4216,-42.9966,44.6004
-15.0009,-42.7915,44.6002
-14.5515,-42.5724,44.6001
-14.1308,-42.3674,44.6
-13.6814,-42.1482,44.5998
-13.2608,-41.9432,44.5997
-12.8113,-41.7241,44.5995
-20.5474,-40.2846,44.6384
-20.0957,-40.0702,44.6395
-19.7265,-39.895,44.6403
-19.2748,-39.6806,44.6414
-18.9056,-39.5054,44.6423
-18.4539,-39.291,44.6433
-18.0848,-39.1157,44.6442
-17.6331,-38.9013,44.6453
-17.2639,-38.7261,44.6462
-16.8122,-38.5117,44.6472
-16.443,-38.3365,44.6481
-15.9913,-38.1221,44.6492
-15.6222,-37.9468,44.65
-15.1705,-37.7324,44.6511
-14.8013,-37.5572,44.652
-14.3496,-37.3428,44.6531
-15.215,-34.2197,44.6218
-15.6671,-34.4334,44.6202
-16.1159,-34.6456,44.6185
-16.568,-34.8593,44.6169
-17.0168,-35.0715,44.6152
-17.4689,-35.2852,44.6136
-17.9177,-35.4974,44.6119
-18.3698,-35.7111,44.6103
-18.8186,-35.9233,44.6086
-19.2707,-36.137,44.607
-19.7195,-36.3492,44.6054
-20.1716,-36.5629,44.6037
-20.6204,-36.7751,44.6021
-21.0725,-36.9888,44.6004
-15.8822,-32.8601,44.5995
-16.3363,-33.0694,44.6007
-16.7904,-33.2788,44.6018
-16.8003,-33.2833,44.6018
-17.2543,-33.4927,44.603
-17.7084,-33.702,44.6042
-17.7183,-33.7065,44.6042
-18.1723,-33.9159,44.6054
-18.6264,-34.1252,44.6065
-18.6363,-34.1298,44.6065
-19.0904,-34.3391,44.6077
-19.5444,-34.5484,44.6089
-19.5543,-34.553,44.6089
-20.0084,-34.7623,44.6101
-20.4625,-34.9716,44.6112
-20.4723,-34.9762,44.6112
-20.9264,-35.1855,44.6124
-21.3805,-35.3948,44.6136
-21.3904,-35.3994,44.6136
-21.8444,-35.6087,44.6148
-8.04277,-74.6219,44.6431
-8.25343,-74.1684,44.6424
-8.46239,-73.7186,44.6416
-8.67305,-73.2652,44.6409
-8.88201,-72.8154,44.6402
-9.09267,-72.3619,44.6395
-9.30162,-71.9121,44.6387
-9.51228,-71.4587,44.638
-9.72124,-71.0089,44.6373
-9.9319,-70.5554,44.6365
-10.1409,-70.1056,44.6358
-10.3515,-69.6522,44.6351
-10.5605,-69.2024,44.6344
-10.7711,-68.7489,44.6336
-10.9801,-68.2991,44.6329
-11.1908,-67.8457,44.6322
-11.3997,-67.3959,44.6315
-11.6104,-66.9424,44.6307
-11.8193,-66.4927,44.63
-12.03,-66.0392,44.6293
-12.2389,-65.5894,44.6286
-12.4496,-65.1359,44.6278
-12.6586,-64.6862,44.6271
-12.8692,-64.2327,44.6264
-13.0782,-63.7829,44.6257
-13.2888,-63.3295,44.6249
-13.4978,-62.8797,44.6242
-13.7085,-62.4262,44.6235
-13.9174,-61.9764,44.6227
-14.1281,-61.523,44.622
-14.337,-61.0732,44.6213
-14.5477,-60.6197,44.6206
-14.7567,-60.1699,44.6198
-14.9673,-59.7165,44.6191
-15.1763,-59.2667,44.6184
-15.3869,-58.8132,44.6177
-15.5959,-58.3634,44.6169
-15.8066,-57.91,44.6162
-16.0155,-57.4602,44.6155
-16.2262,-57.0067,44.6147
-16.4351,-56.5569,44.614
-16.6458,-56.1035,44.6133
-16.8547,-55.6537,44.6126
-17.0654,-55.2002,44.6118
-17.2744,-54.7504,44.6111
-17.485,-54.297,44.6104
-17.694,-53.8472,44.6097
-17.9046,-53.3937,44.6089
-18.1136,-52.9439,44.6082
-18.3243,-52.4905,44.6075
-18.5332,-52.0407,44.6068
-18.7439,-51.5872,44.606
-18.9528,-51.1374,44.6053
-19.1635,-50.684,44.6046
-19.3725,-50.2342,44.6038
-19.5831,-49.7807,44.6031
-19.7921,-49.3309,44.6024
-20.0027,-48.8775,44.6017
-20.2117,-48.4277,44.6009
-20.4223,-47.9742,44.6002
-22.2349,-66.454,44.6147
-22.0261,-66.9083,44.6145
-21.8213,-67.3537,44.6143
-21.6124,-67.8079,44.6141
-21.4076,-68.2533,44.6139
-21.1987,-68.7076,44.6137
-20.9939,-69.1529,44.6135
-20.7851,-69.6072,44.6133
-20.5803,-70.0526,44.6131
-20.3714,-70.5068,44.6129
-20.1666,-70.9522,44.6127
-19.9577,-71.4065,44.6125
-19.7529,-71.8518,44.6123
-19.5441,-72.3061,44.6121
-19.3393,-72.7515,44.6119
-19.1304,-73.2057,44.6117
-18.9256,-73.6511,44.6115
-18.7167,-74.1054,44.6113
-18.5119,-74.5507,44.6111
-18.3031,-75.005,44.6109
-7.80056,-43.0926,44.5953
-7.58894,-43.5456,44.596
-7.38722,-43.9774,44.5966
-7.1756,-44.4304,44.5973
-6.97388,-44.8622,44.5979
-6.76227,-45.3153,44.5986
-6.56055,-45.7471,44.5992
-6.34893,-46.2001,44.5999
-6.14721,-46.6319,44.6005
-5.93559,-47.0849,44.6012
-5.73387,-47.5167,44.6018
-5.52225,-47.9697,44.6025
-5.32053,-48.4016,44.6031
-5.10892,-48.8546,44.6038
-4.9072,-49.2864,44.6044
-4.69558,-49.7394,44.6051
-4.49386,-50.1712,44.6058
-4.28224,-50.6242,44.6064
-4.08052,-51.0561,44.6071
-3.8689,-51.5091,44.6077
-3.66718,-51.9409,44.6084
-3.45557,-52.3939,44.609
-3.25385,-52.8257,44.6097
-3.04223,-53.2787,44.6103
-2.84051,-53.7106,44.611
-2.62889,-54.1636,44.6116
-2.42717,-54.5954,44.6123
-2.21556,-55.0484,44.6129
-2.01384,-55.4802,44.6136
-1.80222,-55.9332,44.6142
-1.6005,-56.3651,44.6149
-1.38888,-56.8181,44.6155
-1.18716,-57.2499,44.6162
-0.975543,-57.7029,44.6168
-0.773823,-58.1347,44.6175
-0.562206,-58.5877,44.6181
-0.360486,-59.0195,44.6188
-0.148869,-59.4726,44.6194
0.0528511,-59.9044,44.6201
0.264469,-60.3574,44.6207
0.466188,-60.7892,44.6214
0.677806,-61.2422,44.622
0.879526,-61.674,44.6227
1.09114,-62.127,44.6233
1.29286,-62.5589,44.624
1.50448,-63.0119,44.6246
1.7062,-63.4437,44.6253
1.91782,-63.8967,44.6259
2.11954,-64.3285,44.6266
2.33116,-64.7815,44.6272
2.53287,-65.2134,44.6279
2.74449,-65.6664,44.6285
2.94621,-66.0982,44.6292
3.15783,-66.5512,44.6298
-3.49515,-41.2089,44.6238
-3.28334,-41.6619,44.6244
-3.07153,-42.1148,44.625
-3.07075,-42.1164,44.625
-2.85893,-42.5694,44.6256
-2.64712,-43.0223,44.6261
-2.64634,-43.0239,44.6261
-2.43452,-43.4769,44.6267
-2.22271,-43.9298,44.6273
-2.22193,-43.9314,44.6273
-2.01011,-44.3844,44.6279
-1.7983,-44.8373,44.6285
-1.79752,-44.839,44.6285
-1.5857,-45.2919,44.6291
-1.37389,-45.7448,44.6297
-1.37311,-45.7465,44.6297
-1.16129,-46.1994,44.6302
-0.949479,-46.6523,44.6308
-0.948699,-46.654,44.6308
-0.736884,-47.1069,44.6314
-0.52507,-47.5598,44.632
-0.524289,-47.5615,44.632
-0.312475,-48.0144,44.6326
-0.10066,-48.4673,44.6332
-0.0998797,-48.469,44.6332
0.111935,-48.9219,44.6338
0.323749,-49.3748,44.6343
0.32453,-49.3765,44.6343
0.536344,-49.8294,44.6349
0.748159,-50.2823,44.6355
0.748939,-50.284,44.6355
0.960754,-50.7369,44.6361
1.17257,-51.1898,44.6367
1.17335,-51.1915,44.6367
1.38516,-51.6444,44.6373
1.59698,-52.0973,44.6379
1.59776,-52.099,44.6379
1.80957,-52.5519,44.6385
2.02139,-53.0048,44.639
2.02217,-53.0065,44.639
2.23398,-53.4594,44.6396
2.4458,-53.9123,44.6402
2.44658,-53.914,44.6402
2.65839,-54.3669,44.6408
2.87021,-54.8198,44.6414
2.87099,-54.8215,44.6414
3.0828,-55.2744,44.642
3.29462,-55.7273,44.6425
3.2954,-55.729,44.6426
3.50721,-56.1819,44.6431
3.71902,-56.6348,44.6437
3.7198,-56.6365,44.6437
3.93162,-57.0894,44.6443
4.14343,-57.5424,44.6449
4.14422,-57.544,44.6449
4.35603,-57.9969,44.6455
4.56785,-58.4499,44.6461
4.56864,-58.4515,44.6461
4.78045,-58.9045,44.6466
4.99227,-59.3574,44.6472
4.99306,-59.3591,44.6472
5.20487,-59.812,44.6478
5.41668,-60.2649,44.6484
5.41748,-60.2666,44.6484
5.62929,-60.7195,44.649
5.8411,-61.1724,44.6496
5.84189,-61.1741,44.6496
6.05371,-61.627,44.6502
6.26552,-62.08,44.6507
6.26631,-62.0817,44.6507
6.47813,-62.5346,44.6513
6.68994,-62.9875,44.6519
6.69073,-62.9892,44.6519
6.90255,-63.4421,44.6525
7.11436,-63.895,44.6531
7.11515,-63.8967,44.6531
7.32697,-64.3496,44.6537
7.53878,-64.8025,44.6542
7.53957,-64.8042,44.6543
12.1575,-63.4003,44.6385
11.945,-62.9477,44.638
11.7416,-62.5146,44.6375
11.5291,-62.062,44.637
11.3258,-61.6289,44.6366
11.1133,-61.1764,44.6361
10.9099,-60.7433,44.6356
10.6974,-60.2907,44.6352
10.494,-59.8576,44.6347
10.2815,-59.405,44.6342
10.0782,-58.9719,44.6338
9.86564,-58.5193,44.6333
9.66229,-58.0863,44.6328
9.44977,-57.6337,44.6323
9.24642,-57.2006,44.6319
9.0339,-56.748,44.6314
8.83055,-56.3149,44.6309
8.61803,-55.8623,44.6305
8.41468,-55.4292,44.63
8.20217,-54.9767,44.6295
7.99881,-54.5436,44.6291
7.7863,-54.091,44.6286
7.58294,-53.6579,44.6281
7.37043,-53.2053,44.6276
7.16707,-52.7722,44.6272
6.95456,-52.3196,44.6267
6.7512,-51.8866,44.6262
6.53869,-51.434,44.6258
6.33533,-51.0009,44.6253
6.12282,-50.5483,44.6248
5.91946,-50.1152,44.6244
5.70695,-49.6626,44.6239
5.50359,-49.2296,44.6234
5.29108,-48.777,44.6229
5.08772,-48.3439,44.6225
4.87521,-47.8913,44.622
4.67185,-47.4582,44.6215
4.45934,-47.0056,44.621
4.25599,-46.5725,44.6206
4.04347,-46.12,44.6201
3.84012,-45.6869,44.6196
3.6276,-45.2343,44.6192
3.42425,-44.8012,44.6187
3.21173,-44.3486,44.6182
3.00838,-43.9155,44.6178
2.79586,-43.4629,44.6173
2.59251,-43.0299,44.6168
2.37999,-42.5773,44.6163
2.17664,-42.1442,44.6159
1.96412,-41.6916,44.6154
1.76077,-41.2585,44.6149
1.54825,-40.8059,44.6145
1.3449,-40.3728,44.614
1.13238,-39.9203,44.6135
12.7441,-32.7158,44.6084
12.9551,-33.1691,44.6085
13.1512,-33.5903,44.6086
13.3623,-34.0436,44.6087
13.5584,-34.4647,44.6088
13.7694,-34.918,44.609
13.9655,-35.3392,44.6091
14.1766,-35.7925,44.6092
14.3727,-36.2136,44.6093
14.5837,-36.6669,44.6094
14.7798,-37.0881,44.6095
14.9908,-37.5414,44.6096
15.1869,-37.9625,44.6097
15.398,-38.4158,44.6098
15.5941,-38.837,44.6099
15.8051,-39.2902,44.61
16.0012,-39.7114,44.6101
16.2122,-40.1647,44.6102
16.4083,-40.5859,44.6103
16.6194,-41.0391,44.6104
16.8155,-41.4603,44.6105
17.0265,-41.9136,44.6106
17.2226,-42.3348,44.6107
17.4337,-42.788,44.6109
17.6298,-43.2092,44.611
17.8408,-43.6625,44.6111
18.0369,-44.0837,44.6112
18.2479,-44.5369,44.6113
18.444,-44.9581,44.6114
18.6551,-45.4114,44.6115
18.8512,-45.8326,44.6116
19.0622,-46.2858,44.6117
19.2583,-46.707,44.6118
19.4694,-47.1603,44.6119
19.6655,-47.5814,44.612
19.8765,-48.0347,44.6121
20.0726,-48.4559,44.6122
20.2836,-48.9092,44.6123
20.4797,-49.3303,44.6124
20.6908,-49.7836,44.6125
20.8869,-50.2048,44.6126
21.0979,-50.6581,44.6127
21.294,-51.0792,44.6128
21.5051,-51.5325,44.6129
27.6588,-42.9002,44.7014
27.4467,-42.4474,44.7025
27.4465,-42.4469,44.7025
27.2344,-41.9941,44.7037
27.0223,-41.5413,44.7049
27.0221,-41.5408,44.7049
26.81,-41.088,44.7061
26.5979,-40.6353,44.7072
26.5977,-40.6348,44.7072
26.3856,-40.182,44.7084
26.1735,-39.7292,44.7096
26.1732,-39.7287,44.7096
25.9612,-39.2759,44.7108
25.7491,-38.8231,44.712
25.7488,-38.8226,44.712
25.5367,-38.3698,44.7131
25.3247,-37.917,44.7143
25.3244,-37.9165,44.7143
25.1123,-37.4637,44.7155
24.9002,-37.0109,44.7167
24.9,-37.0104,44.7167
24.6879,-36.5576,44.7179
24.4758,-36.1049,44.719
24.4756,-36.1044,44.719
24.2635,-35.6516,44.7202
24.0514,-35.1988,44.7214
24.0512,-35.1983,44.7214
23.8391,-34.7455,44.7226
23.627,-34.2927,44.7238
23.6268,-34.2922,44.7238
23.4147,-33.8394,44.7249
23.2026,-33.3866,44.7261
23.2024,-33.3861,44.7261
22.9903,-32.9333,44.7273
22.7782,-32.4805,44.7285
22.7779,-32.48,44.7285
22.5659,-32.0272,44.7296
22.3538,-31.5745,44.7308
22.3535,-31.574,44.7308
22.1414,-31.1212,44.732
21.9294,-30.6684,44.7332
21.9291,-30.6679,44.7332
21.717,-30.2151,44.7344
-4.33424,-74.3841,44.588
-3.88056,-74.1739,44.5899
-3.5317,-74.0123,44.5914
-3.07802,-73.8021,44.5933
-2.72916,-73.6405,44.5948
-2.27548,-73.4303,44.5968
-1.92662,-73.2687,44.5983
-1.47293,-73.0585,44.6002
-1.12407,-72.8969,44.6017
-0.670392,-72.6867,44.6037
-0.321532,-72.5251,44.6052
0.13215,-72.315,44.6071
0.48101,-72.1534,44.6086
0.934692,-71.9432,44.6106
1.28355,-71.7816,44.6121
1.73723,-71.5714,44.614
20.8066,-64.2338,44.6361
20.3542,-64.4467,44.6373
20.0621,-64.5842,44.6381
19.6097,-64.7971,44.6393
19.3175,-64.9346,44.64
18.8651,-65.1476,44.6413
18.5729,-65.2851,44.642
18.1205,-65.498,44.6433
17.8283,-65.6355,44.644
17.3759,-65.8484,44.6453
18.197,-69.0209,44.6935
18.6505,-68.8103,44.6888
19.104,-68.5997,44.684
19.1051,-68.5993,44.684
19.5586,-68.3887,44.6793
20.0121,-68.1781,44.6745
20.0131,-68.1776,44.6745
20.4666,-67.967,44.6698
20.9201,-67.7564,44.665
20.9211,-67.756,44.665
21.3746,-67.5454,44.6603
21.8281,-67.3348,44.6555
21.8292,-67.3343,44.6555
21.7123,-51.9846,44.603
21.9297,-52.4349,44.6035
22.147,-52.8852,44.6039
22.147,-52.8853,44.6039
22.3227,-53.3534,44.6043
22.4983,-53.8215,44.6047
22.4983,-53.8216,44.6047
22.6175,-54.3071,44.6051
22.7367,-54.7927,44.6055
22.7367,-54.7927,44.6055
22.7588,-55.2923,44.6059
22.7809,-55.7918,44.6063
22.7809,-55.7918,44.6063
22.7543,-56.2911,44.6067
24.3187,-71.6565,44.6002
24.8186,-71.6471,44.6001
25.3185,-71.6376,44.5999
25.3186,-71.6376,44.5999
25.8184,-71.6486,44.5998
26.3183,-71.6596,44.5996
26.3183,-71.6596,44.5996
26.8139,-71.7261,44.5995
27.3095,-71.7926,44.5993
27.3095,-71.7926,44.5993
27.5932,-48.8359,44.7215
22.7278,-56.7875,44.6071
22.6449,-57.2806,44.6076
22.5619,-57.7736,44.608
22.5619,-57.7737,44.608
22.4379,-58.2581,44.6084
22.314,-58.7425,44.6088
22.314,-58.7425,44.6088
22.1712,-59.2217,44.6092
22.0284,-59.7009,44.6096
22.0284,-59.7009,44.6096
21.8212,-60.1559,44.61
21.614,-60.611,44.6104
21.614,-60.611,44.6104
21.3576,-61.0403,44.6101
21.1011,-61.4695,44.6097
21.1011,-61.4695,44.6097
20.7911,-61.8618,44.6093
20.4812,-62.2542,44.609
20.4811,-62.2542,44.609
20.1132,-62.5927,44.6086
19.7453,-62.9312,44.6082
19.3258,-63.2031,44.6079
18.9073,-63.4744,44.6075
18.4644,-63.7064,44.6071
18.0215,-63.9384,44.6068
18.0206,-63.9389,44.6068
17.5639,-64.1425,44.6064
17.1083,-64.3458,44.606
16.6403,-64.5218,44.6057
19.32,-30.8565,44.6888
19.2728,-30.3588,44.7392
19.2617,-30.241,44.7512
19.4846,-29.7934,44.7541
19.5394,-29.6834,44.7548
19.8806,-29.4477,44.7592
20.3549,-29.2894,44.7546
20.3806,-29.2808,44.7544
20.8783,-29.3282,44.7528
20.8876,-29.3291,44.7528
21.2943,-29.5442,44.7463
21.4986,-29.828,44.7404
-4.36976,-75.1684,44.5927
-4.66627,-74.5405,44.583
-4.34184,-74.3711,44.586
-3.99743,-75.0932,44.5983
7.79172,-65.3599,44.6531
7.06818,-65.7012,44.6434
6.34465,-66.0425,44.6337
5.62111,-66.3839,44.624
4.89757,-66.7252,44.6143
4.17404,-67.0665,44.6046
3.64086,-67.318,44.5974
3.45397,-66.9299,44.6054
4.18014,-66.5942,44.6142
4.9063,-66.2585,44.623
5.63246,-65.9228,44.6318
6.35862,-65.5871,44.6406
7.08478,-65.2514,44.6494
7.61587,-65.0059,44.6558
18.1657,-69.0561,44.6997
17.8206,-68.3343,44.6835
17.4756,-67.6125,44.6673
17.1305,-66.8908,44.6511
16.7855,-66.169,44.6349
16.4404,-65.4472,44.6187
16.0972,-64.7294,44.6026
16.5224,-64.5552,44.6136
16.8598,-65.2806,44.6272
17.1972,-66.006,44.6408
17.5346,-66.7314,44.6544
17.8719,-67.4567,44.6681
18.2093,-68.1821,44.6817
18.5308,-68.8733,44.6947
22.1917,-67.1298,44.6488
22.529,-67.8552,44.6424
22.8663,-68.5807,44.636
23.2037,-69.3061,44.6296
23.541,-70.0315,44.6232
23.8783,-70.7569,44.6167
24.2156,-71.4823,44.6103
24.2745,-71.6088,44.6092
23.9021,-71.7496,44.6012
23.5657,-71.0237,44.611
23.2294,-70.2979,44.6208
22.893,-69.572,44.6306
22.5566,-68.8462,44.6404
22.2202,-68.1204,44.6502
21.8838,-67.3945,44.66
21.8442,-67.309,44.6611
27.5043,-48.6728,44.7166
26.9691,-49.3868,44.7085
26.2502,-49.7377,44.6944
25.5313,-50.0886,44.6804
24.8123,-50.4395,44.6663
24.0934,-50.7903,44.6522
23.3744,-51.1412,44.6382
22.6555,-51.4921,44.6241
21.9365,-51.843,44.61
21.8858,-51.8678,44.609
21.7101,-51.5126,44.606
22.4284,-51.1605,44.6198
23.1468,-50.8085,44.6335
23.8651,-50.4564,44.6472
24.5835,-50.1043,44.6609
25.3019,-49.7522,44.6746
26.0202,-49.4002,44.6883
26.7386,-49.0481,44.702
27.457,-48.696,44.7157
-3.53091,-41.1127,44.6316
-2.80616,-40.774,44.621
-2.0814,-40.4352,44.6104
-1.35665,-40.0965,44.5998
-0.631891,-39.7578,44.5892
0.0928652,-39.4191,44.5786
0.739131,-39.1171,44.5692
0.914998,-39.5012,44.5802
0.190503,-39.8405,44.5869
-0.533991,-40.1798,44.5936
-1.25849,-40.5191,44.6003
-1.98298,-40.8583,44.607
-2.70747,-41.1976,44.6138
-3.33784,-41.4928,44.6196
-13.9818,-37.1655,44.6422
-14.3098,-37.33,44.648
-13.9723,-38.0553,44.6379
-13.6348,-38.7806,44.6279
-13.2973,-39.506,44.6178
-12.9598,-40.2313,44.6077
-12.6223,-40.9566,44.5977
-12.3642,-41.5114,44.59
-12.0598,-41.3461,44.5773
-12.3939,-40.6192,44.5886
-12.7281,-39.8924,44.5999
-13.0623,-39.1655,44.6112
-13.3965,-38.4386,44.6225
-13.7307,-37.7118,44.6337
0.225123,-30.5965,44.609
-0.110326,-29.8703,44.6054
-0.445775,-29.144,44.6017
-0.781224,-28.4177,44.5981
-1.11667,-27.6914,44.5944
-1.45212,-26.9652,44.5908
-1.78757,-26.2389,44.5871
-1.79717,-26.2181,44.587
-1.45002,-26.0582,44.5885
-1.11122,-26.7829,44.5903
-0.772427,-27.5076,44.5921
-0.433632,-28.2324,44.5939
-0.0948367,-28.9571,44.5957
0.243958,-29.6818,44.5975
0.582753,-30.4065,44.5993
0.583354,-30.4078,44.5993
-10.1696,-26.8156,44.6535
-10.8915,-27.1603,44.6431
-11.6135,-27.505,44.6327
-12.3354,-27.8497,44.6224
-13.0573,-28.1944,44.612
-13.7793,-28.5391,44.6016
-14.4802,-28.8737,44.5916
-14.642,-28.5427,44.5863
-13.9195,-28.1992,44.5965
-13.1969,-27.8557,44.6066
-12.4744,-27.5123,44.6167
-11.7519,-27.1688,44.6268
-11.0294,-26.8253,44.6369
-10.3231,-26.4895,44.6468
-20.5454,-40.293,44.6495
-20.8849,-39.5686,44.6397
-21.2244,-38.8442,44.6299
-21.5639,-38.1198,44.62
-21.9033,-37.3954,44.6102
-22.2428,-36.671,44.6004
-22.2717,-35.6869,44.6038
-21.929,-36.4098,44.6121
-21.5864,-37.1327,44.6204
-21.2437,-37.8556,44.6287
-20.9011,-38.5785,44.637
-20.5584,-39.3014,44.6453
-20.2158,-40.0243,44.6536
-20.1821,-40.0952,44.6544
-22.3124,-47.7171,44.5912
-21.5897,-47.3741,44.5864
-20.9931,-47.091,44.5824
-20.8014,-47.4671,44.5674
-21.5284,-47.8011,44.5755
-22.2553,-48.1352,44.5836
6.8927,-27.496,44.6416
7.22611,-28.2232,44.6321
7.55953,-28.9504,44.6225
7.89294,-29.6776,44.613
8.22635,-30.4048,44.6034
8.55976,-31.132,44.5939
8.82915,-31.7196,44.5861
8.48348,-31.9027,44.5885
8.14793,-31.1765,44.5969
7.81237,-30.4503,44.6054
7.47682,-29.7241,44.6138
7.14126,-28.9978,44.6222
6.80571,-28.2716,44.6306
6.52853,-27.6717,44.6376
21.583,-29.8027,44.7564
22.3072,-29.4628,44.7377
23.0314,-29.1229,44.7189
23.7556,-28.7829,44.7002
24.4798,-28.443,44.6815
25.204,-28.1031,44.6627
25.9282,-27.7632,44.644
26.6524,-27.4233,44.6253
27.3077,-27.1157,44.6083
27.4799,-27.4536,44.6056
26.7573,-27.7969,44.6244
26.0347,-28.1401,44.6432
25.3121,-28.4834,44.6619
24.5895,-28.8267,44.6807
23.8669,-29.1699,44.6995
23.1443,-29.5132,44.7183
22.4217,-29.8565,44.737
21.7538,-30.1737,44.7544
